1000 9885
834 778
742 899
928 459
945 611
553 946
680 400
768 527
6 292
544 667
856 925
623 245
644 430
924 174
636 96
70 634
180 206
380 142
274 119
645 615
263 547
943 355
526 825
341 61
897 394
999 520
677 805
530 215
423 655
200 994
221 648
498 763
598 585
171 787
191 684
692 839
697 559
754 520
577 1
16 47
821 662
753 346
891 606
439 388
280 563
79 941
62 693
580 730
287 208
374 44
128 615
918 82
405 389
705 391
236 743
827 148
813 409
872 875
391 199
111 383
538 80
520 763
171 601
143 915
249 605
710 690
604 465
509 19
845 921
662 177
273 474
822 395
24 628
681 985
811 934
742 242
547 992
343 29
592 535
96 454
439 622
274 890
966 773
629 30
898 765
336 100
432 599
860 399
186 682
868 898
741 156
544 584
946 884
524 94
510 867
95 787
26 822
336 130
617 279
856 633
854 452
151 901
164 664
346 807
185 355
761 828
686 977
245 562
270 36
536 954
167 484
498 573
523 660
128 951
333 573
869 619
890 458
711 120
673 580
204 244
713 924
23 11
463 601
706 651
763 454
69 345
253 684
469 607
618 144
758 95
351 543
835 962
287 295
550 363
700 92
349 106
795 368
581 335
135 43
571 489
872 824
771 776
166 834
244 102
301 169
361 454
253 208
110 587
664 595
148 364
811 740
650 554
979 858
200 83
917 16
510 335
775 982
765 230
358 260
140 591
825 689
375 963
836 87
589 455
642 952
461 150
51 200
559 813
506 513
927 969
200 384
259 853
208 123
831 173
264 701
318 496
175 97
553 889
695 466
95 742
544 596
797 126
981 641
17 564
623 188
414 577
627 678
630 539
759 445
378 136
341 4
380 868
904 58
574 114
95 222
674 572
677 331
625 10
143 675
772 81
459 854
198 177
725 51
607 31
94 102
799 713
126 599
368 889
120 652
687 4
139 562
106 931
235 971
257 931
287 658
829 211
290 402
908 198
629 822
605 268
400 949
239 754
972 666
153 227
279 359
528 433
123 865
162 595
182 406
845 750
474 592
572 921
167 599
944 272
317 754
709 16
418 939
625 769
609 388
292 976
497 674
426 622
907 245
232 401
656 307
971 902
93 668
617 770
764 599
600 752
941 748
395 310
102 466
139 548
889 726
673 897
929 383
823 863
536 469
445 588
617 60
502 558
928 561
573 80
822 157
826 336
12 795
569 434
845 485
958 220
675 16
393 132
602 170
470 426
753 270
769 545
610 753
765 703
808 692
203 186
810 110
403 332
333 563
449 30
655 122
329 608
410 81
994 370
155 428
81 680
835 606
947 952
667 265
891 855
912 432
706 585
587 126
735 78
121 223
870 739
339 793
925 994
146 289
127 158
929 112
314 601
818 921
417 750
933 440
577 326
80 794
636 743
58 725
98 722
541 852
161 385
641 594
783 779
842 245
755 556
809 388
477 270
10 547
795 619
434 579
793 952
872 102
559 673
896 447
950 230
936 912
546 435
174 496
383 922
68 619
271 719
510 539
257 277
323 244
72 308
976 794
349 824
902 54
869 33
588 399
660 12
972 814
111 226
234 856
996 774
564 416
364 702
241 44
566 493
470 438
972 12
30 264
706 224
686 954
526 911
412 123
35 912
327 104
991 129
276 730
956 592
400 418
829 343
614 983
354 185
140 476
450 708
948 379
933 233
535 677
193 366
247 983
486 565
930 845
770 534
678 183
790 477
571 750
348 701
3 10
60 105
524 664
728 3
966 13
948 520
73 242
588 535
847 314
174 80
140 96
306 376
788 980
477 225
760 259
216 232
231 950
608 695
185 746
225 249
818 366
215 386
841 983
419 137
404 819
850 159
120 128
125 429
677 320
438 22
980 605
379 522
31 397
536 289
220 346
920 128
404 17
745 173
251 564
414 174
717 303
366 231
93 629
332 787
155 778
394 186
694 835
736 19
69 565
167 931
872 439
411 597
730 829
604 790
932 781
458 728
998 146
498 201
778 407
137 485
781 820
564 388
329 408
56 147
826 70
208 958
523 425
837 793
536 780
648 838
406 586
222 290
39 728
281 459
450 697
325 571
17 506
329 568
496 39
613 516
173 759
729 63
735 113
87 786
952 905
38 243
517 351
423 741
504 784
947 142
677 25
753 739
437 200
912 494
715 299
824 504
795 371
580 763
31 813
468 393
328 316
865 11
576 66
983 607
725 139
720 893
153 32
652 62
102 77
619 437
729 661
489 152
897 929
435 798
367 347
268 508
480 437
372 195
779 389
176 94
875 732
594 733
822 485
906 768
964 30
413 816
628 163
42 586
266 50
603 359
228 224
881 706
363 907
419 737
593 222
685 646
946 902
85 458
933 668
186 591
975 845
815 664
910 644
11 760
40 724
756 604
265 421
783 47
38 210
722 687
282 544
134 577
551 400
165 213
636 792
434 310
237 323
184 305
4 228
387 244
156 815
31 717
964 918
787 887
260 767
4 139
172 200
924 292
984 71
88 60
10 119
992 594
637 997
335 488
961 809
246 221
946 191
640 770
594 653
528 291
250 842
857 665
732 515
932 205
866 857
11 716
269 652
568 834
590 643
352 61
82 106
743 99
874 222
250 724
215 330
404 235
975 799
232 402
451 176
471 173
150 578
392 674
983 822
241 565
681 784
519 48
461 40
45 425
104 891
285 474
267 883
87 82
937 795
664 253
349 979
25 901
544 915
122 643
600 783
177 578
141 999
7 898
489 577
849 558
260 302
501 670
640 650
103 938
109 425
401 368
754 94
898 964
223 161
100 188
394 551
605 905
489 867
661 611
705 851
423 944
338 860
579 806
678 844
891 8
839 488
531 75
346 655
539 468
630 262
423 662
411 246
952 978
256 985
773 684
244 628
119 862
338 529
691 47
98 30
930 921
407 979
374 354
909 45
88 135
770 853
962 549
98 352
870 962
282 107
692 562
586 29
448 362
277 308
150 34
373 347
374 524
214 434
50 846
69 50
586 108
70 277
366 652
239 390
889 181
980 356
693 877
430 893
487 372
900 109
898 211
651 297
896 432
290 131
733 237
129 7
404 143
650 739
929 752
585 398
756 26
110 499
44 37
742 212
530 988
343 123
698 102
720 498
314 367
225 664
959 349
963 150
466 610
217 536
991 86
92 787
906 58
259 940
612 262
964 945
564 417
416 145
561 593
952 434
91 910
755 423
796 355
209 575
398 3
695 827
304 803
295 942
557 822
798 544
285 915
937 348
712 10
61 972
106 695
469 359
899 792
79 536
226 124
977 732
562 706
579 544
818 856
378 931
485 973
52 672
883 898
810 500
60 251
614 822
729 997
587 234
457 385
535 394
991 324
484 145
31 955
782 737
783 584
456 711
365 649
421 695
888 714
779 557
581 361
283 698
802 646
328 257
933 300
37 487
849 673
386 161
740 826
391 176
488 711
840 444
527 708
182 351
789 493
224 65
560 555
600 284
429 398
396 729
514 84
896 639
976 825
849 579
885 261
813 40
137 991
963 455
671 926
728 576
488 997
414 397
567 217
309 761
281 344
530 945
459 488
258 568
561 177
981 302
732 446
517 710
258 939
263 446
600 856
985 974
158 144
234 523
8 569
190 257
997 159
780 763
530 738
416 334
401 542
840 723
276 810
782 500
582 954
307 916
131 897
835 362
527 416
946 109
731 269
734 636
626 93
134 602
542 359
998 869
380 354
331 8
411 912
32 107
584 904
252 526
140 81
975 913
4 1
830 141
934 522
469 379
952 795
754 475
986 518
675 739
369 520
743 442
857 787
610 109
667 30
889 418
283 745
486 816
14 619
128 726
454 274
737 854
899 419
404 515
512 844
897 731
462 906
418 675
165 598
171 921
286 506
435 752
845 601
2 981
410 446
174 335
20 689
126 137
591 58
477 486
940 770
7 469
671 114
295 350
771 222
262 173
2 614
295 303
150 534
907 425
232 341
765 85
33 260
132 600
530 695
986 277
626 780
717 419
935 492
189 522
924 579
47 668
697 207
557 459
464 422
531 848
164 815
492 460
458 588
659 11
665 538
902 793
1000 391
319 889
964 610
334 480
29 308
88 880
144 706
735 182
312 888
683 795
218 258
577 173
1000 564
765 876
456 978
74 353
737 551
645 380
577 94
887 313
49 549
396 206
217 351
644 932
757 861
739 510
852 199
155 145
117 47
211 166
680 127
991 557
225 70
151 314
871 459
250 499
201 45
239 621
938 961
192 440
266 915
684 701
831 172
249 682
858 760
438 44
957 960
210 199
817 117
678 994
492 989
471 864
202 931
615 309
928 853
876 807
112 956
702 651
915 745
100 377
321 932
120 407
498 296
57 426
902 72
872 353
107 545
384 805
60 846
670 71
474 180
403 112
441 805
196 35
284 437
693 31
167 328
314 141
155 640
752 580
380 413
56 59
43 595
467 515
627 565
543 508
902 551
18 922
682 437
496 96
195 812
32 770
189 733
808 355
239 973
957 94
83 689
451 821
801 562
655 573
718 789
40 156
791 987
744 976
240 835
719 373
856 141
549 150
974 605
649 704
46 112
178 280
325 811
292 784
75 736
786 303
478 767
7 383
580 579
637 558
254 70
791 415
231 882
380 680
699 36
188 551
45 234
673 577
504 372
305 325
495 62
378 826
153 313
45 379
231 592
950 6
613 328
797 657
419 548
871 512
72 310
310 784
204 307
77 59
974 315
647 499
7 848
691 771
593 223
219 470
691 787
276 791
351 317
99 684
523 318
392 268
564 418
423 222
199 377
661 420
241 131
312 223
1000 432
764 57
748 726
161 322
329 800
792 348
115 274
88 697
252 372
790 774
385 907
208 754
899 906
313 601
226 906
304 832
964 856
554 220
387 207
321 855
50 303
821 34
674 725
607 81
131 50
532 43
136 732
688 921
162 836
877 459
715 432
793 606
88 277
999 888
605 449
442 363
633 904
481 139
335 80
283 701
532 952
239 564
700 42
866 798
885 226
26 73
303 607
407 724
466 112
12 36
378 612
841 68
110 707
40 293
98 615
851 140
583 450
211 301
230 251
547 135
586 867
201 455
920 275
404 172
595 147
558 261
642 432
196 78
470 933
552 702
385 265
484 193
431 826
659 543
418 179
238 304
954 993
992 276
559 778
108 868
15 296
103 130
262 70
704 823
502 532
29 924
232 24
273 586
919 823
612 315
280 430
642 70
670 159
503 122
358 859
125 932
164 820
716 329
420 670
916 379
111 369
458 465
392 183
393 194
88 742
986 195
414 616
282 364
256 582
463 649
924 141
263 893
86 160
420 636
41 353
869 519
853 130
564 75
232 179
514 800
677 340
147 653
973 553
518 728
26 582
887 423
910 234
89 414
296 192
459 828
338 583
506 241
605 515
184 629
900 363
887 709
908 846
924 406
257 580
823 364
596 169
598 523
382 870
53 910
22 183
667 142
245 438
357 556
595 367
378 521
462 169
137 999
562 43
325 415
879 536
590 677
594 856
443 204
563 751
709 191
341 501
228 573
254 233
384 141
447 354
305 397
548 351
631 57
163 827
233 81
833 98
208 336
775 96
724 632
263 268
517 402
327 601
369 980
869 22
587 813
880 760
57 510
76 302
630 973
77 963
828 797
510 391
962 267
147 715
177 949
894 522
242 737
436 767
596 410
695 604
863 750
762 543
264 926
337 568
449 390
948 104
159 771
753 240
570 934
772 318
179 346
290 961
635 101
853 166
428 951
434 308
971 103
682 478
423 748
874 870
431 225
549 782
625 152
143 733
535 751
282 883
948 428
752 229
145 457
58 986
853 507
981 292
142 398
538 467
923 151
102 434
28 561
914 558
258 10
645 686
23 782
687 359
785 283
144 429
286 889
914 577
97 387
814 94
49 480
432 488
988 213
491 919
590 641
771 873
1 767
176 355
983 978
803 88
586 808
30 66
625 774
555 683
349 670
442 32
614 138
382 350
755 992
701 82
901 988
513 204
682 717
883 68
833 815
483 626
986 327
520 850
928 564
191 912
603 498
20 138
205 178
78 384
775 362
798 921
825 29
38 786
560 286
262 714
377 233
511 535
555 21
497 461
635 803
532 259
662 99
184 241
114 334
406 624
613 888
173 795
635 144
670 497
308 338
539 470
811 333
579 953
285 574
454 159
277 894
633 544
99 220
445 440
486 524
394 918
868 911
528 611
217 442
899 220
853 269
400 5
679 641
904 693
466 506
433 195
783 743
426 924
408 447
933 629
814 11
407 691
13 344
404 939
889 187
541 962
55 987
556 469
919 66
461 791
478 655
10 433
324 17
586 844
440 881
883 258
667 517
962 655
447 341
323 987
654 829
492 962
220 369
868 549
138 428
68 941
551 124
470 777
417 243
576 720
219 11
510 542
171 428
778 156
120 436
357 393
177 531
896 79
994 894
367 224
573 917
621 573
769 352
630 821
119 932
225 888
320 640
707 44
446 64
588 281
436 94
205 709
935 4
648 990
167 158
301 87
842 288
939 317
418 268
834 40
764 425
716 4
94 368
703 286
407 333
999 695
854 158
130 594
425 118
28 181
13 807
216 141
568 482
756 789
458 246
226 122
890 213
885 297
571 882
329 355
865 401
994 119
689 707
9 593
390 279
943 163
856 251
710 234
480 443
399 897
201 906
662 777
26 39
692 528
987 640
239 567
760 262
465 670
432 289
685 39
220 128
700 154
23 935
597 197
908 495
107 766
490 138
922 319
703 541
529 631
77 363
154 980
525 707
710 705
894 418
58 40
634 999
980 719
996 566
771 748
223 551
817 414
369 279
993 701
650 118
25 748
65 943
686 371
787 416
151 537
290 39
376 912
891 212
267 744
610 692
627 718
857 366
282 715
246 264
895 693
500 729
446 297
142 230
40 936
226 943
433 591
397 492
92 964
843 4
520 97
263 280
211 539
842 702
465 847
687 108
984 793
550 284
71 51
992 568
719 447
221 59
101 709
836 520
796 809
141 346
539 191
64 361
690 501
359 226
678 232
845 599
75 683
116 53
946 751
332 765
116 164
119 775
637 326
31 477
145 842
534 428
499 197
337 226
564 807
693 581
698 173
657 207
668 773
210 259
432 777
445 560
483 422
907 312
224 403
825 919
988 677
517 585
134 139
137 437
446 137
194 190
894 523
787 335
772 537
898 844
575 212
868 930
890 742
851 852
983 594
798 973
748 648
621 662
115 609
915 243
617 503
757 743
350 839
481 532
269 483
531 48
436 308
520 319
612 141
887 21
810 168
813 887
208 318
583 909
184 419
80 532
155 226
800 253
196 926
538 417
226 149
139 566
789 701
306 221
415 333
252 865
713 645
870 549
961 991
310 528
912 133
53 978
408 420
745 669
582 120
721 931
453 188
20 625
224 156
611 536
335 184
192 442
766 372
839 760
883 440
997 640
803 91
72 175
736 150
609 408
811 708
371 125
922 375
814 825
547 94
489 10
833 435
36 473
565 1
868 514
978 190
617 774
303 542
451 66
270 650
552 631
534 315
8 917
29 801
266 469
986 324
181 327
389 425
63 198
502 546
396 807
39 89
756 669
349 833
833 584
707 51
980 997
12 791
308 142
825 28
119 954
411 655
990 561
630 712
991 169
796 393
563 430
990 851
22 577
51 243
214 655
479 89
437 994
903 985
687 966
982 646
352 885
753 846
819 103
748 199
362 390
344 133
951 610
2 343
59 426
336 675
406 445
465 919
942 355
417 852
618 134
919 113
359 68
783 742
934 598
258 495
883 487
301 92
659 950
913 602
440 896
775 884
499 415
651 298
12 352
825 531
309 738
291 427
361 19
824 256
182 3
573 690
365 280
872 673
922 446
656 674
695 195
441 244
502 126
323 248
606 937
100 494
715 520
548 316
626 850
845 52
728 292
861 573
526 155
618 766
447 232
285 221
389 175
527 329
365 32
536 820
702 225
18 218
868 344
265 371
655 90
204 832
320 333
467 398
416 848
735 25
904 997
208 530
1000 526
359 309
765 786
737 621
408 847
224 722
134 953
640 862
970 253
68 998
559 252
156 560
470 822
818 952
628 608
222 785
369 612
923 350
27 773
945 314
158 569
69 130
361 945
455 917
645 741
206 293
120 934
376 16
909 816
536 730
733 44
970 814
741 993
335 880
382 985
177 114
144 261
71 858
93 830
942 314
361 126
845 916
936 624
385 158
667 736
979 818
393 699
600 573
716 903
220 342
976 988
318 767
154 580
998 333
822 796
196 223
863 833
29 936
245 822
301 516
450 350
824 463
698 488
150 850
436 908
988 625
792 156
759 694
100 17
545 484
268 837
454 536
346 945
165 475
534 956
955 745
816 689
191 267
66 996
730 91
489 943
950 556
425 183
377 718
873 561
178 553
587 335
948 324
340 511
811 263
918 771
544 410
790 659
437 937
973 551
822 246
613 512
892 473
50 786
588 797
383 443
869 427
771 435
330 33
772 152
41 146
60 154
939 761
448 188
784 710
676 508
532 888
738 21
183 958
199 122
219 744
236 330
850 458
922 975
979 146
888 344
483 924
245 293
309 568
589 865
581 108
488 949
434 519
96 42
115 246
171 696
724 932
720 671
15 11
398 385
301 838
233 16
73 703
812 86
134 110
745 141
194 925
9 67
240 559
15 665
681 326
955 808
749 389
307 727
949 140
200 389
699 957
702 460
647 309
65 537
284 317
86 631
622 295
141 476
398 301
995 467
742 588
731 509
330 641
721 199
246 762
502 784
665 404
700 987
437 747
611 272
82 778
191 444
415 776
865 653
458 301
886 805
179 461
587 504
736 926
184 309
113 369
847 954
247 196
467 326
937 189
820 322
783 382
17 107
203 320
520 30
231 853
743 586
452 545
936 494
497 978
115 745
193 475
89 666
217 461
810 602
863 398
235 209
112 356
471 193
210 785
107 411
936 155
279 467
529 796
197 166
805 935
241 894
793 935
287 949
471 854
702 940
666 206
659 891
520 490
456 222
129 168
702 831
24 386
436 562
23 716
337 205
979 746
376 917
874 68
462 273
457 756
314 343
578 1000
685 964
834 542
392 659
928 711
586 667
916 104
423 104
871 622
234 625
343 177
402 805
495 362
742 921
670 74
674 153
747 821
111 314
132 349
87 317
380 297
792 323
388 977
649 478
809 908
913 465
472 831
470 286
553 634
610 637
203 177
352 853
186 833
83 999
394 690
568 89
486 571
535 559
937 356
242 488
977 603
299 627
714 926
933 240
874 682
99 222
56 554
299 896
583 112
2 421
393 650
577 63
117 494
64 150
549 945
149 547
387 498
567 525
277 463
886 461
373 182
728 987
467 49
96 464
633 98
62 786
727 824
361 359
642 903
549 356
823 325
771 822
535 177
70 981
129 490
594 396
641 375
516 183
884 107
286 211
604 122
422 531
116 780
465 124
907 101
517 750
501 939
427 56
546 174
33 449
307 670
604 152
949 158
163 578
989 594
996 210
410 937
52 330
588 388
937 702
722 446
461 298
523 307
160 827
731 436
824 274
398 485
56 252
259 545
329 960
918 683
817 675
981 488
401 336
705 642
43 807
459 55
189 130
201 588
203 42
463 980
212 340
285 512
53 612
320 253
288 411
143 535
883 902
539 210
558 626
544 204
691 15
14 736
930 953
169 281
878 64
853 303
620 110
303 475
474 832
261 942
737 938
305 986
303 691
74 233
793 893
667 852
205 814
196 260
438 201
404 841
225 252
607 499
908 489
175 730
509 188
148 342
591 34
439 209
666 151
25 5
91 260
951 186
565 435
674 285
582 498
819 988
128 185
863 819
384 83
276 97
691 514
850 954
86 648
582 525
414 147
348 435
902 388
872 301
64 890
640 179
826 162
168 968
542 62
971 560
307 82
831 4
63 110
394 409
142 859
452 997
318 234
735 440
830 452
264 997
124 255
752 560
275 596
755 708
96 792
503 372
359 997
605 973
307 182
968 732
735 350
152 905
416 782
511 783
166 222
369 802
498 646
246 40
853 112
930 763
861 517
862 230
455 308
5 741
389 582
217 327
736 721
130 342
972 497
991 279
518 941
45 585
504 789
800 322
250 249
857 791
472 307
643 140
757 246
745 790
212 189
819 463
126 287
243 844
719 302
940 585
79 911
154 114
714 550
31 808
178 332
362 241
895 41
828 502
757 8
542 700
379 862
984 684
235 274
954 332
790 62
921 189
885 372
614 274
211 349
749 805
185 634
739 201
851 173
724 933
164 17
303 873
859 758
381 6
988 18
183 304
665 49
175 988
383 857
977 400
625 63
618 386
252 132
664 230
637 23
674 3
539 274
55 536
632 393
381 586
458 761
973 134
242 144
995 466
704 901
284 429
324 958
369 19
687 601
393 227
624 535
768 273
199 211
96 804
887 102
778 662
801 351
454 807
511 850
448 45
960 696
53 555
492 125
493 724
358 766
335 366
28 412
464 998
925 615
69 517
350 502
744 573
841 868
766 958
517 725
155 857
406 407
870 584
687 2
64 818
54 885
4 406
478 485
761 143
944 601
600 11
799 469
453 41
760 800
202 17
663 106
645 683
23 779
504 15
927 305
343 558
783 829
509 258
236 574
989 24
81 635
784 80
72 834
55 11
148 415
646 618
371 206
561 386
979 911
194 685
747 347
508 461
425 568
438 32
665 156
297 864
64 533
637 360
803 42
189 983
724 552
375 524
566 7
341 652
346 306
918 600
326 865
289 914
698 62
702 542
522 224
834 654
825 945
510 707
367 784
955 562
137 471
983 384
108 574
489 580
760 692
151 722
78 566
860 807
636 484
485 528
906 200
223 416
863 719
833 360
962 12
138 602
527 484
549 636
787 75
401 260
274 10
717 822
574 897
9 975
36 528
208 665
317 25
354 195
692 251
930 688
346 571
700 734
293 16
961 238
445 437
339 686
431 134
566 839
58 778
687 945
729 235
839 154
273 381
41 233
739 286
830 939
989 784
50 105
677 753
932 159
39 803
667 218
151 485
840 566
586 6
73 169
164 112
663 398
923 485
358 186
715 583
644 585
616 896
410 323
638 349
140 856
288 939
201 350
347 509
870 176
104 559
413 977
710 841
932 339
936 918
141 723
36 511
898 462
205 480
99 869
211 627
610 352
310 869
846 91
495 427
831 269
45 392
673 935
587 793
586 700
769 500
633 193
497 819
349 818
152 498
523 165
483 480
122 672
817 448
904 476
820 848
164 796
990 764
332 90
523 387
906 281
191 273
567 882
769 519
19 96
78 701
338 938
726 249
29 327
639 776
584 514
624 607
878 420
346 765
293 466
644 327
721 415
543 866
930 613
130 593
772 384
109 212
633 592
833 150
541 349
252 598
184 494
682 405
76 836
341 280
658 170
2 390
719 18
666 673
100 657
321 708
912 289
434 989
216 260
909 76
692 620
52 938
421 690
471 206
119 193
887 515
50 156
89 578
291 154
918 85
611 965
685 310
260 647
435 667
537 327
370 528
281 1
72 154
664 638
21 207
295 544
921 81
430 556
249 614
483 971
513 367
552 275
681 945
755 514
760 86
615 232
551 576
880 687
241 615
771 576
573 724
902 490
371 932
30 49
235 881
872 302
319 29
655 599
752 964
78 332
981 517
910 515
289 203
557 482
182 893
872 460
356 229
29 9
30 354
488 856
96 682
761 852
246 668
946 766
983 313
894 972
981 980
152 539
821 831
548 985
53 421
687 666
907 810
344 434
41 502
89 482
786 72
109 799
19 459
153 637
373 986
174 805
250 151
895 869
625 321
757 836
631 815
88 213
126 397
151 444
227 522
874 435
467 123
718 120
495 848
226 494
31 811
115 986
921 275
135 734
803 211
35 189
755 746
849 529
525 258
188 574
314 95
672 841
968 496
440 553
756 119
962 754
547 52
287 753
797 676
431 986
324 266
966 969
955 440
498 195
890 771
730 872
180 329
732 270
806 525
54 294
368 537
366 116
95 606
890 882
483 312
987 777
30 463
94 642
848 418
721 180
225 933
63 397
545 390
982 189
53 231
950 671
924 894
730 61
470 496
553 540
265 242
666 805
591 557
598 540
800 931
229 631
568 191
296 386
170 359
782 102
200 80
473 814
825 449
735 194
902 719
118 192
674 678
288 341
776 234
725 201
230 537
231 304
213 805
16 303
623 750
202 54
421 360
981 288
486 838
917 520
204 767
478 490
390 632
465 605
84 933
947 353
969 505
459 219
662 820
420 423
612 483
671 686
763 729
785 287
510 42
323 469
118 575
9 24
49 484
529 786
205 665
900 911
137 905
788 744
284 838
831 522
950 140
326 746
662 368
81 181
997 879
904 358
340 818
896 200
368 807
942 802
778 228
561 252
934 678
676 539
381 267
220 655
155 968
962 504
51 651
589 183
76 334
4 755
591 601
388 850
946 932
836 336
878 175
206 616
963 879
830 82
627 282
815 555
172 735
659 23
56 448
812 527
796 388
319 745
892 317
251 175
895 590
56 431
899 917
919 462
868 310
378 38
964 865
853 55
948 285
930 800
1 840
500 484
173 586
857 989
696 477
258 200
518 874
334 615
335 458
386 468
818 912
241 808
932 152
329 165
793 758
829 240
151 484
120 798
80 151
503 817
774 766
685 465
153 192
649 715
335 232
690 41
233 402
322 997
457 858
274 768
171 996
408 306
500 88
227 800
447 627
374 945
288 940
163 8
930 655
794 490
393 563
988 7
620 968
950 249
168 545
76 713
998 213
949 959
145 791
366 867
556 247
926 385
474 374
927 872
336 481
16 659
352 940
284 431
441 106
617 1
750 295
499 217
834 251
194 229
877 864
335 583
255 988
271 27
589 44
275 92
229 448
830 302
260 380
15 102
806 311
133 151
407 472
659 51
311 892
494 434
846 647
227 85
728 462
805 374
644 180
687 886
429 546
605 649
877 164
222 107
259 511
443 650
669 696
526 35
13 180
910 130
685 973
499 915
26 257
69 365
681 107
198 229
619 959
466 331
598 480
800 407
395 973
344 787
634 829
115 592
135 4
177 149
947 345
111 516
37 481
221 68
976 703
886 350
300 853
887 947
927 264
790 16
166 862
813 401
427 602
267 501
895 277
168 398
318 896
138 362
34 331
18 685
54 910
499 237
349 157
55 272
854 528
211 939
327 624
128 42
402 723
349 996
172 867
444 920
708 189
966 51
110 243
993 689
411 554
232 63
507 389
879 165
627 436
857 858
464 432
194 201
213 347
651 780
610 705
807 25
350 988
547 548
75 295
829 658
575 402
674 929
434 442
459 981
811 376
144 619
142 234
951 784
94 686
80 413
517 311
853 495
265 590
716 267
639 402
251 437
142 260
145 480
657 77
141 116
161 798
36 926
1000 9
44 641
726 561
287 303
460 931
460 957
64 510
128 603
456 376
519 513
921 274
25 453
723 154
210 955
548 23
770 57
720 884
862 691
166 890
775 808
577 545
409 983
619 426
158 826
196 393
599 377
44 197
686 236
927 2
106 410
713 178
306 712
220 390
868 618
371 18
718 594
836 200
323 919
788 299
682 722
919 139
756 487
668 769
7 241
447 510
86 682
713 492
73 525
720 432
320 814
757 612
859 7
732 271
272 885
513 717
836 150
315 969
396 902
220 970
919 854
133 973
595 750
67 114
854 393
56 182
19 42
238 162
960 924
778 261
580 900
285 819
126 899
52 34
289 304
558 65
675 676
313 442
811 471
530 373
472 213
184 329
981 976
658 465
342 942
308 746
79 553
228 585
874 867
302 264
930 797
553 334
679 442
848 638
188 503
139 733
451 863
416 522
737 682
455 683
705 180
302 234
624 36
472 273
307 228
40 53
978 743
780 305
981 400
822 924
819 197
533 743
404 557
477 177
714 396
538 254
926 308
818 350
426 596
179 680
864 480
59 78
984 965
444 540
113 168
802 938
486 131
549 431
453 474
917 459
266 255
73 719
1 122
310 236
541 350
484 311
671 237
341 650
103 543
72 433
328 795
312 384
183 391
243 168
688 107
641 187
91 108
369 322
6 451
536 62
519 410
158 381
954 644
521 319
461 404
924 812
377 937
55 796
259 599
388 113
463 735
445 864
357 13
545 18
43 312
696 930
380 411
19 183
721 433
425 140
173 790
84 407
824 686
17 298
751 757
240 189
4 48
652 708
924 97
502 29
929 669
877 191
806 69
57 586
177 690
334 842
479 359
212 418
605 572
1 847
611 112
459 763
843 235
849 924
61 244
524 748
325 175
666 365
558 823
671 764
288 719
309 859
127 996
737 647
918 79
904 521
580 570
17 458
818 243
675 326
433 87
344 598
404 956
975 59
633 208
318 794
652 110
909 921
968 299
162 766
344 709
609 79
811 663
600 438
343 274
315 309
353 762
525 730
429 325
512 711
949 958
970 635
555 539
390 48
484 299
360 345
62 523
932 563
439 541
599 910
561 799
52 422
823 699
259 772
738 977
1000 152
159 531
626 846
163 724
459 381
405 639
542 80
467 854
449 295
15 496
532 206
150 883
648 963
228 389
356 338
912 968
964 529
750 6
826 606
354 367
877 897
196 579
166 38
504 687
963 616
507 804
661 753
820 406
752 324
570 701
511 997
518 565
231 490
341 294
144 814
730 606
424 78
482 860
175 163
69 364
896 952
183 756
809 189
370 989
222 138
425 676
559 9
469 563
399 908
274 579
349 29
79 948
31 817
35 306
128 624
787 766
900 546
723 129
61 506
320 554
918 84
129 346
681 661
337 479
248 78
612 798
828 307
810 962
408 190
542 609
724 908
729 818
301 46
466 799
68 127
675 209
493 502
486 106
333 77
560 159
462 275
689 855
432 866
441 20
635 674
281 579
730 658
90 245
719 606
243 273
470 8
143 146
271 969
53 911
994 910
575 191
958 781
251 923
954 700
396 460
186 546
61 662
392 189
203 237
481 515
144 733
694 549
678 926
259 316
228 594
943 270
527 79
530 161
161 578
661 789
187 974
494 574
80 414
373 823
299 956
897 856
766 822
178 775
855 707
434 157
951 896
75 149
847 595
919 358
740 641
62 493
869 995
250 149
834 78
521 980
554 845
779 864
227 703
763 465
984 482
918 277
862 406
495 587
975 221
667 132
46 67
144 71
30 956
137 770
656 34
296 353
342 882
574 20
741 679
461 986
414 464
456 166
813 799
451 109
660 383
147 420
383 858
149 254
809 834
461 60
147 277
369 971
618 272
971 576
698 392
772 631
20 252
560 409
545 299
46 840
964 331
593 103
907 541
88 601
640 432
380 257
845 329
556 764
905 12
584 717
489 420
859 341
271 195
114 292
341 11
507 895
223 107
960 699
977 627
355 163
283 142
775 828
277 868
973 711
558 719
830 848
522 609
743 753
635 488
875 441
341 365
607 6
477 893
923 119
209 939
728 165
981 189
197 366
260 916
781 246
32 987
273 187
622 560
36 947
274 632
379 405
829 234
117 40
391 467
156 628
529 246
580 25
295 823
278 963
61 433
500 215
357 586
358 157
784 964
412 797
89 952
111 575
628 715
40 340
277 137
49 26
547 359
510 187
367 278
573 455
724 853
534 466
101 343
121 617
237 663
507 906
183 273
44 57
889 620
376 921
250 958
750 559
841 753
128 100
495 400
177 4
869 163
546 134
192 79
345 639
863 901
774 126
669 332
798 112
530 645
807 194
366 22
258 797
869 389
651 789
786 955
380 182
329 956
552 809
661 393
720 187
264 977
252 504
935 239
593 476
57 45
706 149
63 304
370 774
734 575
78 727
964 732
680 631
364 896
611 385
479 465
52 805
546 773
991 74
499 776
830 844
650 881
936 319
810 280
524 542
373 912
445 291
598 363
31 574
542 73
622 605
326 110
3 25
866 19
633 772
482 808
690 197
230 650
47 320
784 770
268 435
110 972
975 228
406 33
944 632
576 19
399 774
559 330
282 482
174 172
184 896
24 597
278 862
462 235
616 899
232 728
750 894
116 106
524 49
595 471
323 816
443 66
609 447
186 88
774 425
977 307
98 956
581 519
91 429
715 823
590 897
133 576
612 82
429 107
836 1
450 452
128 64
609 665
119 488
68 583
945 703
911 486
107 852
769 457
953 148
972 720
354 667
389 392
708 234
285 39
515 246
553 815
312 251
939 54
82 541
48 661
468 518
968 966
588 279
492 508
235 507
422 798
599 241
985 261
379 18
363 617
720 857
714 732
877 896
452 966
199 148
187 820
960 628
777 386
635 178
69 696
86 270
606 465
446 646
654 107
123 375
655 470
490 542
236 46
303 599
370 635
496 387
569 207
813 954
526 849
984 152
583 80
490 673
937 102
424 79
390 804
246 226
329 801
232 90
287 420
14 740
239 863
22 373
525 168
73 249
787 661
3 130
248 369
488 672
491 823
292 172
455 912
975 105
597 679
565 93
31 193
987 567
825 387
970 811
261 844
23 957
747 151
395 58
54 797
515 285
20 677
84 489
439 813
222 711
925 717
709 223
747 292
234 241
660 501
953 613
385 145
868 624
794 383
614 84
816 155
10 302
681 956
33 647
987 322
163 772
826 76
49 905
387 844
251 719
694 79
586 588
811 801
615 459
671 309
159 366
16 753
935 448
29 728
77 984
974 286
812 397
850 728
582 803
414 945
294 347
9 217
782 508
643 790
715 115
63 507
302 673
602 107
530 508
198 534
255 579
857 88
351 60
781 525
548 964
42 181
759 64
252 518
753 47
754 320
736 715
867 35
384 6
619 578
707 845
965 594
534 261
645 367
45 564
959 608
416 736
37 208
865 439
796 771
654 353
814 532
19 682
767 561
187 284
27 887
1000 781
697 819
292 113
151 302
745 683
672 767
36 126
22 57
461 759
465 764
980 309
418 810
979 439
376 160
439 319
969 141
303 147
580 273
908 280
710 660
380 751
676 780
326 653
150 684
93 654
846 500
759 813
337 228
837 287
766 143
73 674
57 293
845 772
223 752
404 62
648 369
428 324
216 834
34 79
298 872
409 633
746 362
323 183
362 595
168 936
47 676
489 620
755 329
582 926
381 567
556 765
425 261
616 16
503 601
13 566
18 140
685 365
173 816
63 364
835 479
221 548
223 106
728 392
781 386
527 162
611 501
973 710
8 232
248 749
799 802
123 319
278 375
764 194
885 82
430 434
182 723
532 682
572 367
487 20
415 331
159 674
761 147
1000 873
474 772
239 516
221 25
701 815
226 497
213 725
547 409
748 270
538 179
699 306
179 989
3 363
743 5
512 991
139 605
720 850
774 563
171 522
851 220
270 882
841 918
220 501
348 162
223 822
900 539
429 351
971 944
845 671
516 841
573 680
718 599
524 364
391 807
234 344
237 551
203 667
465 164
391 692
214 505
141 909
825 836
882 303
403 154
955 473
891 455
319 86
195 476
180 296
636 369
263 527
394 458
986 96
256 487
735 319
574 683
703 13
134 504
125 361
378 464
530 437
275 245
343 662
237 107
424 729
114 502
955 788
705 697
632 647
389 198
997 433
765 693
53 361
971 218
725 295
800 962
506 495
551 431
611 384
350 180
702 41
423 568
940 836
35 732
666 550
958 262
112 657
374 89
108 13
370 621
649 925
559 134
367 685
623 394
991 363
961 780
836 680
141 186
126 456
509 448
365 668
349 55
525 20
619 185
69 168
606 961
143 845
929 718
693 963
866 741
261 855
234 11
508 638
404 801
286 325
215 353
291 664
983 892
180 639
200 149
1 68
663 590
228 835
745 78
441 337
57 349
974 400
353 635
210 453
478 78
931 511
458 859
646 918
977 109
190 274
233 781
772 584
591 574
761 979
557 506
190 253
502 691
29 33
933 536
932 866
388 319
43 909
336 145
797 60
838 840
398 409
632 675
872 242
873 607
604 729
863 444
645 9
702 122
360 565
217 76
218 447
477 642
938 916
407 187
448 392
697 715
346 539
740 751
133 455
857 909
1 681
933 96
222 249
499 916
101 968
430 490
487 207
35 470
911 537
936 427
535 413
153 903
136 319
538 274
26 46
500 153
230 262
349 396
371 364
117 850
305 46
268 182
490 98
7 347
219 977
992 95
921 85
82 43
305 264
751 439
382 270
58 64
149 119
668 905
391 990
682 765
827 508
314 153
423 457
262 73
290 414
573 833
833 744
996 364
742 888
786 734
313 80
361 351
773 401
998 417
252 816
510 799
975 883
416 182
968 995
754 12
882 89
739 928
133 103
68 588
454 941
492 368
238 884
632 703
545 216
334 652
199 123
665 807
942 993
30 915
17 496
571 969
473 214
807 713
424 270
799 841
800 121
674 670
952 762
810 25
995 537
260 803
209 845
923 934
292 412
396 178
913 984
771 454
477 57
875 138
841 270
438 908
61 427
944 513
372 829
286 592
966 502
880 883
883 564
719 218
262 489
798 788
266 887
999 459
604 281
624 455
384 278
148 375
710 938
595 198
742 427
712 874
768 652
785 738
606 586
423 284
206 84
199 281
803 386
287 765
716 929
228 712
480 685
279 476
564 588
287 531
55 535
976 220
320 848
545 297
765 334
53 114
293 547
310 579
833 534
878 492
839 77
346 927
760 520
85 306
710 193
89 183
17 690
682 164
539 597
649 53
298 173
924 233
527 60
820 42
913 376
346 689
649 134
618 869
144 586
971 31
494 728
541 257
946 339
550 81
838 558
662 639
611 69
500 396
32 878
717 827
827 557
369 547
995 883
212 111
781 771
666 276
226 287
525 239
163 306
291 201
183 943
738 162
538 253
560 541
281 76
796 693
672 907
413 599
418 847
976 749
3 507
520 559
775 777
23 996
210 45
671 968
73 355
546 418
339 416
33 733
774 338
188 651
48 62
825 730
759 929
760 769
204 322
941 340
284 633
376 522
489 301
42 679
775 205
137 329
613 477
734 880
436 979
590 244
276 468
977 145
116 635
488 414
456 498
591 714
995 501
171 247
100 215
727 325
881 462
826 77
639 551
169 986
964 591
626 410
973 391
276 713
596 710
743 817
375 365
639 736
89 60
808 590
872 643
412 264
531 194
790 605
142 340
545 921
946 375
305 581
217 273
477 863
184 586
869 825
175 136
16 271
588 663
311 472
59 419
4 480
443 832
370 183
724 439
836 681
486 870
396 122
805 146
329 169
330 242
538 319
92 344
37 457
754 845
45 942
746 298
413 650
275 857
2 995
372 111
652 510
714 318
521 930
475 408
798 406
103 350
957 423
16 858
5 618
99 795
1 91
944 21
945 812
379 488
934 303
452 372
971 812
219 3
846 92
884 279
266 345
928 761
72 319
73 970
366 65
258 844
764 876
893 176
821 403
196 628
789 885
848 479
649 344
595 570
824 280
643 828
422 465
831 127
924 819
372 880
247 100
527 342
661 540
936 67
995 382
99 437
615 796
626 446
772 510
277 952
204 232
740 394
632 787
1 910
929 65
218 182
905 292
201 711
436 410
130 733
99 224
821 617
435 290
109 695
296 124
631 838
762 19
853 440
545 639
378 792
531 444
166 481
529 947
504 234
193 389
292 863
154 24
261 195
602 922
749 537
608 723
310 367
222 939
499 290
944 757
230 469
73 473
771 792
559 729
288 972
254 107
515 287
21 202
97 316
79 324
392 774
504 52
67 644
175 849
125 390
966 708
237 716
25 184
651 220
565 574
766 145
882 402
82 517
813 192
337 15
50 684
380 939
506 731
664 144
544 870
7 798
980 838
68 792
660 68
534 597
938 418
777 992
872 418
263 449
51 711
87 157
159 752
169 624
556 900
596 937
623 172
271 123
826 398
21 608
6 552
471 512
42 32
649 24
556 492
18 57
184 177
90 657
187 850
593 683
247 254
942 998
982 487
25 76
498 563
221 591
459 934
799 840
545 825
907 154
757 990
723 610
299 974
53 417
567 685
348 741
916 823
166 434
994 19
123 627
141 112
790 359
370 401
900 739
466 299
563 939
110 906
58 545
224 281
866 840
652 211
982 786
508 705
680 28
393 606
281 119
961 533
46 433
215 632
509 233
680 171
516 561
455 775
674 559
742 473
887 768
357 821
451 304
264 237
976 604
554 694
510 237
471 141
561 489
724 931
980 533
289 686
571 48
720 662
524 330
410 678
290 48
25 773
959 270
907 419
237 978
393 954
379 257
234 516
676 627
110 147
59 548
67 188
837 960
458 739
494 157
833 533
704 923
686 799
285 158
19 46
403 463
557 594
621 287
821 237
616 161
982 400
911 924
489 797
731 706
708 736
108 404
460 587
131 343
39 582
316 201
623 644
80 524
869 772
875 331
123 686
677 81
770 981
221 373
739 488
631 782
546 908
139 558
373 897
70 122
18 737
889 68
687 249
948 715
92 373
184 888
278 966
871 509
33 769
567 964
704 238
350 25
797 863
465 734
879 583
699 421
599 580
680 278
628 500
149 61
764 756
620 624
492 983
106 718
515 484
440 714
665 23
208 422
244 364
551 519
552 639
826 2
590 987
591 262
946 832
722 179
154 647
671 382
694 53
77 13
431 618
159 571
149 497
668 519
449 655
564 464
142 874
255 807
647 679
924 808
726 356
158 496
790 897
114 500
189 262
895 740
270 121
959 887
876 225
52 945
805 349
642 178
5 261
632 871
482 82
563 295
263 973
621 37
821 995
878 748
429 586
1000 538
395 710
622 753
659 310
981 729
884 527
518 879
687 44
410 56
20 260
250 315
732 587
331 534
171 829
600 237
107 495
476 184
645 649
831 998
432 719
64 470
303 533
306 475
438 228
165 532
466 406
335 868
620 950
180 859
287 1
935 917
573 488
737 990
229 306
305 226
859 345
148 296
920 257
665 535
742 112
733 787
771 618
286 414
79 385
503 908
750 718
383 799
902 403
101 42
963 131
236 521
642 628
350 715
851 566
33 75
161 126
360 354
73 858
972 802
90 406
579 64
359 792
929 113
87 361
750 411
26 807
703 35
89 136
484 875
32 380
843 676
483 86
679 58
403 263
631 285
636 117
375 451
750 245
740 395
778 680
174 561
122 878
85 90
178 908
144 516
365 961
420 425
67 720
636 859
236 41
381 944
916 941
155 53
51 68
937 107
574 272
173 425
669 548
654 136
571 762
753 755
75 971
59 462
390 938
446 886
31 940
808 103
477 68
761 73
814 189
344 526
581 350
107 459
879 921
903 505
151 372
580 538
3 421
940 642
499 466
941 215
362 934
791 441
534 46
442 126
831 760
876 579
8 887
36 602
832 569
923 658
345 666
876 722
26 395
733 887
113 598
276 104
484 203
272 767
171 719
536 459
65 357
958 934
150 867
427 170
328 565
555 182
350 566
503 76
972 981
920 840
319 846
985 358
12 934
634 956
555 84
204 190
281 899
857 348
53 431
570 635
610 572
576 756
574 67
460 359
759 93
544 402
504 719
191 529
416 773
237 339
610 943
352 899
406 672
868 459
965 607
32 213
476 572
402 443
558 550
460 581
390 884
162 783
986 525
308 561
934 805
701 38
739 463
135 704
83 371
28 432
677 13
92 739
5 896
136 625
49 272
822 949
813 652
734 193
460 954
102 287
429 197
638 445
710 94
583 484
948 871
629 38
10 946
230 435
90 750
58 256
785 999
991 976
261 685
350 408
524 101
50 924
289 572
491 562
614 228
546 412
487 518
263 405
577 838
279 794
196 148
513 254
896 226
675 579
646 818
422 260
971 759
609 710
487 891
885 689
780 515
474 52
261 242
579 395
872 415
484 973
945 597
381 579
901 275
243 414
171 141
393 155
729 835
347 460
846 550
26 799
562 893
155 913
377 513
126 900
866 455
630 532
378 157
587 355
90 265
53 387
51 544
352 816
977 631
877 247
342 538
337 873
109 876
791 746
365 5
47 74
415 534
188 396
504 969
875 330
162 542
586 267
805 107
993 283
277 578
169 457
120 665
800 357
202 387
274 628
874 401
718 550
758 807
531 150
727 812
89 956
625 722
789 441
239 630
240 560
573 338
797 862
689 893
672 909
453 308
139 237
603 512
758 877
291 438
295 486
525 689
250 843
452 131
346 394
111 910
827 457
611 531
910 816
491 999
401 800
536 357
811 989
980 776
159 405
197 738
327 567
510 635
683 295
703 808
280 210
968 863
391 599
87 324
769 643
42 455
885 951
815 576
561 545
206 163
69 824
864 766
721 283
502 884
263 814
35 995
752 639
517 199
715 210
610 996
131 293
995 34
243 777
407 144
85 54
166 54
458 216
60 372
982 671
880 497
532 730
455 757
565 233
213 963
72 681
161 872
58 900
121 92
491 190
158 780
516 325
421 647
853 644
785 364
895 25
153 202
151 339
128 815
953 883
420 336
519 580
300 254
254 77
550 910
662 52
702 993
667 364
945 64
283 889
710 832
954 254
2 771
133 571
837 323
606 512
908 594
993 973
443 492
923 806
506 872
641 105
181 336
493 414
578 964
745 77
345 607
16 649
497 574
362 890
65 552
651 993
326 721
259 920
989 399
82 537
946 834
998 523
621 708
416 173
436 32
932 877
649 401
868 99
171 213
356 729
122 909
693 120
824 137
60 587
721 263
960 985
221 746
77 240
40 551
477 622
170 406
557 810
501 408
474 486
389 985
378 68
456 902
678 81
936 368
810 361
370 151
777 352
523 836
283 507
446 533
912 393
622 658
307 527
996 423
187 647
938 693
649 958
869 859
451 794
213 999
951 601
883 831
554 997
629 303
403 819
23 106
559 20
780 359
888 108
41 863
667 191
575 798
780 502
586 37
25 499
403 978
120 943
942 102
68 311
729 539
684 745
228 701
983 575
340 547
73 424
951 29
487 823
707 553
181 248
84 552
486 332
271 528
885 645
348 357
116 270
776 962
816 159
710 575
722 233
560 148
890 903
923 770
285 485
656 647
729 983
694 67
822 52
128 32
923 947
817 404
357 467
216 793
267 951
987 100
803 750
206 648
85 569
376 691
868 803
968 919
347 370
440 80
422 352
315 784
209 218
691 921
990 615
313 311
544 693
545 108
964 626
323 394
475 583
313 416
367 605
243 675
7 732
122 784
873 568
327 67
240 363
166 71
453 73
67 171
142 236
54 450
695 896
633 629
479 277
378 88
684 955
863 179
494 690
832 269
631 951
944 855
602 683
141 29
531 365
607 190
207 300
725 175
527 921
711 950
953 779
444 161
260 290
148 685
166 658
631 586
890 755
720 164
892 918
287 186
490 50
296 775
773 363
615 982
323 750
822 724
988 196
386 264
970 730
976 659
480 322
997 739
449 821
466 877
230 146
50 620
181 502
236 775
280 985
137 624
76 579
100 329
642 409
600 768
360 37
13 641
242 57
663 849
297 804
7 909
284 310
752 886
419 893
865 890
151 208
697 68
39 397
811 444
830 488
453 310
873 907
187 771
424 719
722 672
268 576
490 944
768 408
401 161
648 794
833 166
118 168
763 772
69 636
507 995
400 487
809 845
520 440
939 574
504 603
925 639
397 6
463 773
340 48
912 465
804 711
199 783
22 780
727 969
799 588
74 119
538 294
714 39
553 227
741 846
770 100
37 419
905 911
339 327
861 86
244 72
448 605
859 701
496 49
571 225
222 643
727 482
417 371
276 434
957 837
113 322
326 662
529 710
968 98
966 925
20 959
349 949
389 270
449 563
488 199
487 779
682 579
172 43
618 369
176 292
450 159
473 294
169 573
439 901
445 920
212 901
284 282
53 83
642 688
560 265
66 478
910 365
693 99
470 420
553 976
954 625
385 778
189 781
948 87
324 809
274 2
236 176
937 339
259 379
78 843
490 551
472 38
236 199
315 725
383 150
432 882
681 539
443 615
62 479
528 975
529 282
251 386
114 529
648 504
209 906
230 572
895 826
697 909
183 750
847 647
176 632
179 895
176 727
102 720
835 904
801 808
917 678
314 845
778 141
192 353
323 537
503 959
128 537
725 130
111 606
477 899
118 530
211 428
981 360
957 409
987 607
981 868
760 211
154 852
965 140
694 346
327 871
328 95
920 113
314 30
977 310
978 9
262 214
484 322
669 336
195 241
140 694
113 893
306 650
842 552
475 1
607 872
685 910
392 587
27 947
362 757
937 977
183 481
77 94
479 606
81 27
543 385
328 652
792 27
436 197
708 215
342 445
994 996
901 360
547 672
696 870
398 498
556 818
685 594
464 346
302 654
99 438
778 711
178 571
679 133
48 839
30 955
972 224
848 798
155 390
47 156
583 958
142 128
36 643
820 259
151 35
580 983
377 116
819 77
801 746
566 938
127 160
222 140
876 249
331 189
382 886
865 136
24 920
187 356
351 697
465 634
102 369
33 889
605 326
988 370
679 815
957 713
211 475
927 497
303 555
586 181
254 31
440 823
542 728
335 890
177 104
505 619
760 627
745 381
451 230
896 361
879 750
220 441
703 572
591 668
387 802
906 798
865 544
660 849
380 823
197 903
254 840
115 2
902 482
155 875
135 465
637 409
529 654
343 18
347 87
662 418
300 295
200 682
768 113
916 41
898 716
439 748
457 614
890 870
816 845
444 984
696 659
273 582
493 163
510 771
574 660
833 526
906 338
891 368
513 860
952 492
185 259
796 334
652 981
284 497
508 617
265 260
624 627
169 160
77 535
8 98
264 204
820 449
327 790
396 726
114 326
960 708
100 607
908 540
360 676
326 393
356 688
32 838
218 904
143 626
992 580
443 796
425 889
300 643
246 195
374 810
657 70
899 1
295 952
369 660
444 162
338 349
232 1000
840 743
970 918
934 517
168 164
889 30
463 503
398 220
267 296
13 260
254 424
973 84
735 571
816 463
634 330
249 808
31 160
162 689
132 870
6 998
558 83
262 380
689 160
541 927
448 626
585 23
966 660
771 902
907 198
806 968
200 67
411 83
266 85
450 406
324 483
367 79
902 462
134 100
707 802
484 233
949 937
604 170
950 474
57 409
648 724
519 83
752 792
626 769
826 335
78 432
461 280
372 661
449 368
877 656
308 189
422 397
715 68
123 246
252 34
976 510
425 264
366 894
706 139
392 95
969 843
677 538
180 230
805 189
865 810
62 198
966 261
345 82
497 319
265 135
579 969
528 853
1000 658
178 850
619 992
373 789
123 306
269 250
145 52
2 471
956 788
832 362
343 850
235 987
274 739
719 503
4 264
425 853
836 689
361 599
967 261
575 960
139 432
502 500
359 85
841 302
269 813
201 79
678 459
998 313
600 131
755 545
662 959
580 604
824 998
732 823
879 576
495 843
449 739
156 657
43 157
35 46
444 650
687 6
968 20
474 325
845 850
8 817
903 118
561 155
384 20
37 998
441 229
189 863
622 495
509 718
55 710
648 752
775 201
971 619
360 2
57 38
668 514
670 176
103 843
270 290
808 901
381 613
185 458
973 161
497 104
80 16
778 337
854 428
588 376
290 535
341 934
935 229
497 505
632 652
639 799
450 977
624 556
115 632
347 603
520 375
521 2
67 594
47 778
104 436
472 184
473 225
388 893
916 549
297 51
908 597
1000 654
730 315
342 973
773 781
578 247
217 277
53 647
165 989
169 410
946 194
966 129
462 606
95 726
446 857
875 185
202 421
595 326
912 220
676 141
145 707
866 783
665 606
334 265
870 847
853 627
268 143
841 91
989 115
899 375
44 358
671 795
106 59
828 294
149 488
242 252
186 98
171 762
57 235
618 33
160 649
548 308
970 610
774 306
333 162
276 579
600 731
765 191
949 808
346 287
418 160
238 289
243 141
712 132
955 504
229 243
637 214
740 53
604 769
556 924
868 926
726 276
705 783
303 461
109 494
91 879
294 128
226 714
265 414
692 275
329 723
612 106
833 323
962 105
673 506
646 471
668 187
835 410
807 800
763 236
550 2
238 665
745 919
959 731
573 69
50 2
508 842
418 574
827 966
795 356
782 610
434 820
897 692
287 919
440 841
917 697
153 164
176 835
692 651
400 891
607 536
885 358
505 990
689 34
126 90
861 413
954 289
2 882
42 807
350 167
542 616
12 319
965 367
454 916
595 158
30 175
716 954
717 335
93 725
167 882
145 154
854 552
341 587
882 481
812 500
114 347
464 138
727 139
750 344
254 555
497 214
738 908
613 224
744 337
337 813
176 493
566 190
552 856
720 234
21 763
207 980
116 703
501 695
468 544
548 748
623 168
610 729
151 557
599 147
474 262
786 780
532 344
536 795
310 666
208 828
302 538
284 97
293 509
192 704
834 179
800 191
52 884
623 511
365 283
682 495
722 988
942 597
192 917
359 765
363 262
734 283
754 461
508 204
463 803
299 962
528 520
784 674
931 597
38 365
611 189
888 534
923 233
377 23
113 402
931 546
288 544
472 317
222 12
700 509
60 28
903 568
947 268
89 564
453 59
611 923
689 965
283 660
158 512
144 877
320 20
827 851
844 787
241 266
888 355
942 128
102 237
799 281
529 813
90 749
585 520
883 424
951 99
384 235
976 661
17 212
261 571
561 493
466 875
298 836
381 28
828 605
730 607
638 124
471 15
537 245
774 250
354 891
233 942
915 944
196 529
422 672
868 880
987 66
517 957
20 251
849 101
600 945
20 362
848 411
939 116
893 485
349 45
588 341
165 484
863 733
920 679
668 477
118 396
725 668
215 590
851 958
910 433
248 644
725 510
480 217
657 886
914 95
540 343
445 423
625 139
844 371
888 963
389 672
339 781
287 469
325 802
880 39
917 942
620 133
304 611
321 667
620 25
302 829
97 188
77 889
356 907
126 289
594 527
336 803
614 458
374 563
642 441
443 118
318 870
961 757
376 83
15 770
658 687
441 409
558 108
893 503
452 127
997 323
738 373
296 515
885 463
499 60
907 229
782 401
812 158
278 518
651 24
765 154
15 593
626 576
733 956
866 499
225 653
65 720
392 544
157 224
765 11
733 557
663 774
850 779
959 447
446 198
389 222
379 289
364 571
863 531
839 529
629 669
151 610
843 559
521 295
540 581
498 768
262 711
801 23
769 561
829 609
522 859
136 146
318 254
856 513
469 114
142 904
56 457
790 884
517 196
424 685
423 929
468 830
531 88
264 133
255 359
937 226
30 526
563 344
20 207
127 313
244 635
355 418
654 176
434 47
75 803
365 133
64 16
466 348
283 318
585 914
126 498
4 109
791 94
860 108
830 544
702 28
377 184
586 12
14 557
308 778
888 300
582 80
714 424
370 738
150 172
580 433
28 776
955 206
219 971
154 850
67 687
175 696
647 178
922 351
500 839
928 784
30 176
710 726
968 49
695 166
879 325
185 809
457 524
989 326
443 481
616 263
312 734
569 659
651 514
685 797
396 872
812 859
635 527
800 568
113 280
512 108
664 87
145 111
501 722
212 923
298 532
786 918
186 482
994 597
481 910
977 769
816 641
105 606
229 137
884 246
173 993
302 767
817 809
985 886
811 279
122 874
627 293
565 300
569 631
878 285
807 803
290 80
862 241
601 105
123 765
986 565
221 264
477 958
597 989
922 759
371 871
862 19
370 981
169 262
355 554
425 684
609 681
942 395
357 681
619 778
305 838
89 735
861 841
679 856
296 927
723 792
101 724
301 402
912 57
732 986
254 434
145 686
718 541
476 152
480 91
391 161
549 269
292 826
165 564
666 107
405 5
746 957
189 660
452 32
609 99
81 970
462 121
988 1
917 11
976 505
816 146
102 947
51 959
219 245
662 305
105 254
781 907
336 454
246 857
617 91
101 74
12 749
307 711
113 692
590 134
261 154
464 26
929 160
638 690
24 39
259 858
589 118
702 431
740 230
501 694
467 890
912 925
964 494
44 630
270 283
649 556
441 879
578 376
865 780
293 363
83 827
392 52
191 396
692 103
247 677
90 305
878 334
920 618
133 259
174 593
817 934
605 883
776 483
571 975
188 373
80 406
482 22
49 985
305 567
378 103
565 433
490 637
571 828
458 31
244 524
207 440
409 497
27 46
141 26
89 281
680 852
961 861
601 502
344 841
472 318
45 719
417 808
828 26
260 734
539 271
934 650
439 104
666 476
602 839
46 442
983 623
647 220
326 986
885 377
164 852
724 825
563 765
837 486
750 825
879 671
949 589
950 190
633 498
360 266
158 989
396 978
278 930
916 233
595 810
494 300
555 488
690 119
333 506
336 418
428 466
410 837
604 859
716 701
517 956
204 361
441 937
669 273
893 484
660 955
562 730
260 457
263 710
725 347
70 544
240 315
60 628
648 786
242 361
284 70
416 950
143 269
184 338
649 136
522 646
142 207
943 557
725 110
469 288
861 638
402 411
575 748
744 552
936 474
170 542
745 878
187 190
456 67
491 214
123 499
296 968
350 287
451 286
120 780
671 515
653 52
502 458
827 769
754 803
295 815
443 24
836 833
945 382
475 491
131 679
50 586
619 496
90 718
179 691
842 337
310 475
367 286
991 816
625 104
157 501
101 462
233 222
231 895
824 855
508 448
660 453
73 357
239 336
41 711
891 90
375 656
818 441
50 527
409 822
883 165
888 205
319 377
548 353
931 379
751 219
928 723
637 95
336 398
321 510
703 606
266 425
983 36
142 764
626 803
254 608
305 408
742 917
393 42
147 23
665 967
941 786
1000 466
307 842
146 52
938 40
853 219
212 725
903 959
106 379
230 977
526 162
360 623
187 526
174 760
978 964
820 298
826 903
526 759
101 989
545 597
876 1
96 409
24 784
66 675
958 525
549 54
680 955
863 846
277 467
261 958
531 534
965 966
268 58
435 539
645 756
206 474
597 651
747 18
839 578
533 627
680 217
439 80
672 941
638 328
231 786
186 241
142 911
903 182
115 405
656 497
361 397
497 637
8 832
138 463
51 930
513 137
966 621
181 299
241 624
612 577
205 198
979 658
38 767
898 628
335 679
437 76
362 515
473 361
789 782
157 116
52 350
897 369
401 546
984 417
393 70
218 245
328 621
96 665
155 716
962 244
449 431
276 506
911 61
455 145
772 341
833 321
47 955
70 616
897 910
61 875
423 580
425 443
138 756
378 209
208 69
498 662
247 817
415 581
255 282
882 752
540 110
504 918
451 881
947 20
910 136
878 636
26 279
409 389
887 758
183 719
762 140
804 361
74 248
900 644
387 363
357 569
73 114
736 414
934 623
426 866
154 149
174 208
825 93
359 236
814 928
451 409
818 287
432 430
324 212
958 472
932 491
955 90
270 204
85 370
671 910
68 209
250 796
915 696
219 839
770 333
24 343
759 833
595 160
780 822
105 108
935 666
749 961
480 664
155 876
886 619
983 142
383 830
811 793
958 984
15 313
973 5
78 347
688 187
29 144
25 389
143 229
181 82
38 965
864 604
494 139
498 246
47 633
513 849
143 10
401 415
826 392
673 43
748 553
911 17
181 884
612 8
293 267
797 138
51 280
469 41
949 383
74 667
477 590
422 209
320 311
799 929
144 613
400 511
588 96
117 648
317 86
526 154
31 728
857 65
655 306
363 248
352 631
334 907
300 751
246 87
304 746
29 257
178 143
624 931
145 967
753 769
535 329
866 96
705 166
779 365
677 8
737 757
425 655
634 119
706 520
723 707
109 711
496 532
28 595
989 8
257 887
865 26
296 779
560 616
962 948
689 852
965 47
272 276
503 256
537 296
556 508
866 676
82 119
10 488
414 334
275 516
93 789
441 492
689 54
253 111
883 200
902 306
81 838
216 167
980 642
210 157
96 130
863 795
522 353
428 316
379 406
343 51
722 344
565 331
301 603
530 679
752 795
859 17
328 711
663 877
506 269
564 506
655 813
161 57
109 291
256 275
228 503
835 169
857 481
821 70
330 547
292 225
259 613
367 524
484 808
783 62
397 719
750 199
950 517
460 305
522 820
924 224
29 260
13 959
122 923
269 277
15 209
588 53
672 248
89 90
231 492
770 653
749 407
355 392
49 597
654 218
752 20
329 293
992 684
335 507
746 574
374 279
931 704
895 147
476 291
903 542
46 245
545 589
925 782
226 25
149 756
25 318
443 27
771 706
714 434
365 978
847 114
797 857
455 714
489 218
666 470
608 768
715 548
306 20
654 641
866 3
712 909
346 407
823 907
145 800
954 86
602 604
140 541
876 791
146 990
721 969
676 589
863 908
588 26
318 307
156 442
48 275
780 732
802 100
548 576
1000 128
902 203
371 647
163 691
440 12
773 182
99 305
530 429
33 131
587 548
697 100
748 625
588 202
810 92
955 925
910 451
748 896
307 250
754 305
956 725
892 423
736 951
311 563
772 39
355 804
999 614
986 607
53 644
112 64
807 543
199 400
762 6
162 816
416 544
427 510
196 631
767 664
463 59
447 902
766 672
72 908
823 299
314 841
922 8
351 726
214 18
525 413
641 672
236 534
958 177
75 656
22 505
261 863
318 768
779 286
29 241
34 459
344 719
833 465
182 243
495 872
334 46
880 656
119 733
445 622
876 740
716 913
2 655
450 899
884 239
263 308
820 663
233 987
250 987
125 221
396 923
868 699
138 46
855 431
647 483
592 88
247 351
416 307
542 273
474 233
609 626
650 212
289 148
842 1000
766 357
741 230
527 351
587 704
437 645
34 536
959 768
708 512
438 7
450 816
859 404
958 28
791 587
632 794
635 77
430 454
928 43
170 290
668 37
743 675
394 810
142 132
94 157
847 577
649 848
479 333
28 315
960 482
810 628
832 196
689 589
102 410
84 113
288 147
107 48
878 863
112 330
166 619
72 936
126 383
68 226
957 709
425 588
585 238
966 719
115 891
414 339
831 742
634 532
854 845
414 471
21 52
453 408
111 860
920 355
704 458
708 386
431 869
626 567
347 58
129 69
815 963
651 34
724 628
449 590
836 110
430 763
826 196
702 627
834 603
228 254
266 415
802 61
531 617
686 611
321 421
566 189
414 958
660 50
708 838
602 193
146 347
705 712
703 77
910 253
377 623
138 951
820 175
626 74
735 316
422 71
705 889
635 248
468 769
416 940
754 377
331 136
887 439
636 966
800 113
413 197
342 520
255 313
493 628
639 481
9 392
230 617
947 115
306 89
234 424
644 945
916 830
618 208
743 421
389 730
676 482
71 488
23 27
221 411
867 409
615 751
118 781
819 474
681 879
183 835
260 728
923 264
323 580
505 297
54 724
685 270
707 746
279 477
780 102
233 343
487 350
10 25
877 482
633 150
172 502
603 570
361 443
234 75
306 620
608 980
625 778
595 206
558 454
284 847
59 431
915 727
669 539
318 570
157 360
250 928
270 697
332 978
99 937
778 244
33 299
931 302
569 305
533 110
974 464
479 914
816 926
376 613
800 395
566 238
34 951
73 898
346 69
238 79
276 872
629 646
761 519
870 526
393 12
858 216
492 430
110 5
369 445
441 792
7 537
659 150
863 734
989 467
208 908
178 620
345 37
873 543
69 726
711 299
420 896
24 834
267 558
653 622
736 940
588 901
415 468
437 927
991 88
818 702
840 986
37 106
554 132
41 111
857 767
706 331
448 150
356 807
550 299
183 822
594 635
277 445
782 686
107 504
70 140
164 65
885 57
465 582
146 363
832 907
770 97
765 318
636 856
38 805
999 406
107 294
534 121
780 153
339 315
159 236
237 764
128 848
811 565
353 747
871 809
162 435
769 217
309 256
539 679
475 56
96 179
849 267
659 758
141 819
770 525
983 177
911 404
508 23
863 911
829 811
116 988
103 758
103 182
327 706
478 736
186 654
974 351
298 964
191 147
357 359
485 434
203 833
259 563
332 43
376 102
834 933
284 390
198 708
308 12
462 781
535 387
489 849
143 498
881 87
170 444
606 764
928 127
911 878
435 161
146 212
221 688
203 397
942 656
640 978
771 360
311 837
577 9
960 447
407 908
467 225
196 993
732 723
92 562
164 135
115 723
956 939
949 329
562 302
322 727
698 734
398 736
794 173
44 572
936 946
28 613
509 328
349 447
421 530
596 96
68 473
789 487
248 61
733 74
194 708
385 18
59 103
776 861
254 255
586 892
382 283
771 962
42 990
793 62
208 490
650 657
285 362
267 163
915 527
275 684
457 561
901 544
189 782
53 565
432 881
830 178
238 293
755 125
724 704
928 753
525 945
747 737
84 672
592 686
534 577
591 400
3 923
423 2
962 464
502 537
998 434
410 955
160 986
267 542
363 837
324 709
255 883
612 304
6 377
854 349
530 639
235 836
345 323
647 640
617 303
599 139
621 828
310 690
178 564
195 622
591 980
855 579
198 450
515 540
403 746
558 674
613 541
134 654
106 677
572 458
777 362
982 701
986 560
481 383
424 57
433 317
508 983
79 776
207 199
525 222
385 967
607 358
267 894
206 389
50 145
841 234
254 433
222 237
956 173
374 455
44 439
906 598
541 773
945 132
526 448
767 253
236 635
58 286
809 469
173 102
249 640
262 978
422 847
168 634
97 308
483 847
524 207
109 618
716 807
438 485
480 299
79 509
318 543
85 880
200 186
846 17
941 259
465 74
873 85
267 860
396 952
453 697
721 921
445 761
105 140
656 524
452 487
313 95
495 323
281 761
85 451
768 229
995 420
509 343
394 395
38 842
407 387
356 377
138 948
532 356
105 280
405 597
630 515
388 60
692 98
730 221
143 298
47 692
810 21
39 709
263 539
501 326
157 52
715 144
181 532
169 52
832 404
601 217
820 381
680 712
218 523
624 183
259 455
66 967
79 898
706 663
725 534
528 667
140 209
662 842
835 202
447 840
283 763
856 167
268 889
714 13
642 318
165 519
842 997
166 660
728 865
590 383
130 253
549 716
962 946
245 310
434 679
283 950
802 922
161 418
490 222
718 286
478 823
74 965
376 793
305 291
567 15
707 762
996 555
119 644
559 261
306 464
128 147
556 179
869 180
308 354
121 692
91 900
567 301
128 2
510 582
469 284
793 272
604 854
621 757
180 461
608 384
493 130
954 756
756 568
47 543
200 658
937 607
485 639
825 242
845 627
518 319
591 799
887 116
320 486
709 884
801 361
808 603
165 194
445 50
311 553
664 625
31 77
936 581
748 188
369 171
956 785
114 908
616 470
490 751
435 354
164 364
278 252
425 856
514 422
398 517
444 323
390 516
368 456
193 758
657 327
168 276
770 719
548 63
16 216
291 346
182 277
573 476
330 854
922 212
488 896
44 157
139 115
984 948
894 411
897 3
864 218
628 99
7 289
855 513
409 729
676 697
517 763
8 901
885 749
23 308
46 913
217 529
859 974
508 16
625 910
405 756
644 126
585 418
275 478
919 793
149 505
600 535
798 910
5 676
881 372
38 771
129 613
9 31
561 602
377 949
85 364
801 43
195 740
603 227
640 407
165 388
356 305
88 687
810 90
792 449
132 98
541 218
943 346
623 450
773 999
867 20
49 917
929 445
74 288
352 578
667 285
189 81
230 935
444 816
74 435
113 415
593 917
69 380
696 490
148 781
23 95
359 487
736 518
202 430
153 802
748 469
287 235
54 738
201 110
761 38
619 64
713 396
988 283
420 351
44 355
524 85
638 335
715 962
76 844
893 213
49 140
292 992
976 593
673 599
655 675
124 695
16 994
660 331
934 443
224 773
498 412
603 259
305 452
516 934
579 298
707 225
988 718
57 468
674 93
859 91
685 588
48 543
32 372
160 185
363 610
660 894
852 742
100 835
974 340
891 72
447 516
255 545
661 660
60 561
332 302
927 603
970 440
496 766
117 689
673 255
653 693
71 224
575 40
193 370
377 397
605 525
594 552
672 256
636 561
50 428
605 446
739 296
268 36
410 100
359 11
418 571
515 987
74 137
405 303
64 495
652 288
954 455
148 519
315 30
962 943
12 214
412 856
126 204
976 45
525 272
713 48
969 158
552 370
951 26
662 235
974 169
775 840
903 151
175 856
610 126
989 372
367 448
810 652
986 856
897 75
935 663
959 285
346 252
424 538
650 404
712 165
864 992
418 419
459 277
222 566
636 435
692 333
893 476
207 832
557 613
568 241
523 513
469 69
731 286
18 159
119 5
450 786
696 102
164 516
476 790
916 619
39 708
242 464
616 221
264 242
126 882
57 541
496 75
792 680
902 733
482 18
246 59
709 945
446 681
31 709
711 103
645 373
705 10
563 148
766 909
416 763
572 350
511 18
316 28
796 790
264 447
286 700
776 474
631 722
66 742
505 971
757 104
71 119
832 81
300 927
874 308
583 476
253 921
733 495
845 757
499 265
407 522
270 807
196 367
415 15
897 772
708 43
168 456
25 65
153 52
136 806
376 171
453 403
875 819
90 665
879 667
127 646
419 345
888 152
449 782
600 634
90 520
950 178
2 706
812 183
371 993
493 462
76 634
43 259
462 379
615 403
375 942
432 826
877 616
694 38
518 513
987 365
3 837
890 789
119 421
836 467
694 977
163 523
609 591
249 337
977 163
959 23
392 359
215 249
859 131
207 951
940 448
915 2
705 682
941 810
925 421
48 551
815 180
605 945
218 347
274 25
253 449
386 639
902 927
776 193
929 787
140 387
350 199
248 649
428 929
431 2
967 76
832 497
5 697
99 210
619 539
47 82
674 696
14 393
985 935
681 140
282 833
800 270
807 609
715 413
809 80
629 383
97 838
192 126
344 809
108 194
644 806
246 879
16 59
514 342
718 558
611 954
723 212
173 139
283 631
16 74
328 332
644 580
465 725
926 618
429 434
250 625
949 651
253 814
514 120
897 864
976 743
900 893
798 59
375 767
818 290
196 466
34 277
867 883
727 507
314 621
145 198
820 702
309 22
590 32
774 219
243 183
320 796
204 314
731 837
247 372
254 612
882 149
82 557
323 301
786 943
848 269
909 517
781 872
90 467
989 913
369 40
234 914
553 618
493 903
902 635
940 632
692 91
784 116
54 681
41 431
113 782
208 648
691 357
514 758
622 783
645 316
833 52
294 941
305 627
144 831
805 422
329 373
867 245
579 713
28 321
856 66
162 847
18 683
757 782
204 642
297 352
818 898
982 625
643 53
188 142
358 860
819 31
843 426
809 366
573 285
6 646
903 396
447 528
563 795
789 233
141 401
144 507
499 449
641 726
5 597
666 131
953 841
764 674
31 503
270 853
127 606
742 105
279 741
103 417
305 362
36 494
777 528
63 823
871 988
341 689
552 580
884 281
759 927
209 103
615 475
747 739
238 410
898 739
918 742
488 512
440 444
78 498
502 654
484 909
379 177
204 129
612 385
625 693
308 482
950 593
899 705
869 655
285 974
839 299
640 739
329 678
243 892
186 945
959 914
563 413
502 987
673 365
55 101
978 860
592 5
191 629
269 171
873 371
297 162
207 336
123 609
914 322
205 339
22 207
169 265
23 98
979 280
581 436
19 779
62 687
780 494
144 534
543 951
845 720
968 501
616 860
357 950
69 2
197 221
895 394
71 692
505 620
987 432
970 686
495 137
225 381
508 260
399 599
813 165
730 581
486 471
589 446
243 254
121 670
287 659
346 253
368 925
278 592
99 543
267 943
622 425
659 417
716 662
717 427
829 849
404 268
280 274
82 610
581 588
730 790
531 731
912 914
523 816
798 854
913 504
111 762
796 339
434 319
770 677
364 60
296 292
498 694
293 242
273 20
516 80
403 633
624 935
217 343
955 581
739 502
317 820
467 155
531 482
226 270
66 743
400 959
862 387
224 275
810 742
923 269
980 202
505 302
179 557
328 337
571 511
220 199
130 251
153 138
339 179
859 568
250 218
702 982
723 25
438 84
991 872
81 809
742 422
870 107
229 369
980 543
751 476
642 864
628 9
522 410
941 468
19 645
196 157
885 535
427 995
284 616
379 426
161 211
586 660
471 506
574 601
638 841
744 292
987 534
159 585
241 286
152 313
849 115
726 487
599 111
485 411
640 30
399 111
593 82
371 604
726 342
48 585
161 430
734 957
626 26
554 335
352 368
648 317
839 354
608 449
938 49
479 83
320 504
765 534
324 844
525 233
683 783
902 559
407 135
857 48
472 82
991 69
425 956
498 730
445 417
602 740
476 537
666 633
23 452
207 411
1000 951
715 412
330 114
540 397
19 828
784 787
93 177
443 942
779 520
505 345
801 772
692 334
400 923
59 382
942 55
304 327
797 95
715 587
663 491
841 49
624 399
96 104
974 887
979 927
301 247
59 973
797 631
210 179
81 541
31 419
345 680
88 532
897 1
529 702
163 968
804 92
495 423
78 245
623 248
466 619
51 875
656 711
107 871
238 511
777 981
685 836
134 202
103 755
518 108
498 171
760 368
454 710
823 587
759 329
851 770
781 871
912 986
52 101
384 599
96 865
725 698
816 618
467 678
454 992
551 466
499 427
458 495
421 249
316 897
967 162
455 462
294 968
867 22
939 389
635 18
322 385
512 608
40 850
353 509
151 166
941 27
937 117
888 997
689 724
100 749
35 550
473 565
93 356
535 397
994 209
175 679
444 242
743 494
980 44
270 885
287 324
553 182
280 558
761 187
120 813
407 879
88 818
554 552
611 985
371 412
406 173
392 830
254 491
786 207
129 328
607 557
205 733
850 274
951 48
231 689
802 960
230 937
879 722
1 992
91 440
124 288
486 443
785 816
533 50
154 560
499 824
65 694
247 826
522 488
348 415
841 617
772 941
177 346
518 185
868 508
24 141
138 189
917 67
342 437
97 626
775 443
778 493
357 235
472 974
878 90
973 382
151 518
744 26
565 20
293 369
42 51
151 631
373 515
686 972
673 499
303 296
622 974
22 640
705 770
333 961
70 764
130 545
296 329
938 920
562 540
544 511
784 558
748 887
203 426
76 610
62 483
70 926
342 595
71 371
623 710
257 723
204 592
767 267
880 101
131 951
944 898
28 469
863 237
732 545
345 540
737 652
315 163
204 606
300 949
11 682
213 704
287 201
182 433
679 807
814 58
102 248
267 405
178 296
182 288
111 634
847 54
7 335
68 335
620 908
58 115
776 892
318 947
615 139
33 545
326 658
864 21
332 603
758 689
526 440
607 948
355 539
909 738
572 291
453 733
698 23
377 854
662 442
999 855
656 527
841 517
842 854
38 623
158 219
426 197
251 824
949 55
925 843
693 50
363 691
589 173
91 832
592 939
534 834
631 330
561 608
13 517
839 377
307 792
125 545
864 703
578 485
781 512
104 356
377 138
161 739
436 291
756 884
8 106
821 944
848 462
492 10
147 673
761 567
748 859
442 642
943 114
609 941
178 136
822 865
217 342
807 547
629 343
979 326
925 948
175 341
433 904
786 346
827 906
741 184
938 545
886 491
727 941
446 792
514 368
255 232
718 720
115 573
79 926
852 414
840 638
322 909
896 688
957 656
845 755
594 949
245 307
158 666
822 685
589 750
571 367
112 584
352 39
81 927
137 925
779 346
407 629
430 974
79 784
535 806
171 682
661 487
484 435
155 711
908 269
837 369
306 763
915 731
608 71
996 470
927 128
604 51
224 719
229 82
665 290
390 133
821 431
289 118
574 553
846 786
134 382
624 521
366 285
786 585
604 960
993 159
270 153
172 596
752 766
802 578
844 166
649 464
191 345
375 492
332 664
34 516
881 431
772 298
701 412
259 826
557 728
264 1
856 731
104 268
855 919
492 182
769 968
791 655
169 132
702 62
744 880
321 961
32 156
598 238
571 862
737 586
925 999
676 435
677 61
363 104
291 919
2 350
365 538
370 900
994 202
922 799
170 536
422 712
581 506
61 338
500 182
84 949
268 12
350 954
934 601
115 537
701 802
260 696
503 978
328 334
311 31
419 383
150 155
7 262
524 940
980 350
34 416
931 946
144 288
628 328
611 666
405 71
297 710
928 924
968 397
91 302
951 92
55 395
917 476
901 935
945 931
818 435
103 447
430 597
508 333
733 772
472 68
76 521
223 842
298 543
391 794
394 10
286 116
261 314
427 974
128 481
168 994
78 357
134 203
44 944
855 119
109 369
458 699
39 74
612 280
833 605
392 261
927 555
135 413
788 163
820 252
825 162
807 982
455 319
190 44
484 713
195 630
610 523
886 996
355 124
395 765
570 569
184 372
446 660
146 208
284 563
830 894
431 774
943 69
459 744
334 964
944 776
597 962
728 143
486 643
786 275
442 557
304 518
514 393
572 247
62 689
391 293
434 776
255 160
97 66
101 522
782 569
641 699
288 845
842 236
989 75
537 378
573 396
267 913
794 75
483 966
865 477
376 118
12 188
513 481
949 353
699 474
96 117
997 721
998 106
766 22
859 656
551 766
864 10
870 48
551 651
784 331
974 658
987 372
182 22
704 530
356 828
987 229
665 361
483 386
708 73
785 960
426 238
928 612
485 321
660 27
959 41
526 580
32 280
859 205
164 781
630 648
707 401
156 185
147 934
748 416
118 463
602 8
327 81
296 443
919 397
818 608
269 344
435 16
881 192
116 599
759 227
908 625
531 759
655 292
63 72
736 872
610 881
631 933
528 548
286 820
516 13
481 444
412 970
464 814
874 573
753 744
496 671
188 61
356 802
925 832
213 606
841 285
14 609
163 361
1 582
734 208
956 58
795 380
961 916
39 185
58 640
208 337
980 295
830 298
503 922
839 540
182 289
862 711
870 242
248 93
554 520
620 909
337 759
1 145
521 970
119 783
825 572
844 165
621 351
353 535
766 157
876 709
594 934
486 420
414 129
347 174
628 213
495 478
108 849
181 43
167 72
43 198
775 265
501 782
816 838
375 229
232 13
450 220
214 173
803 576
725 543
177 781
416 195
159 885
18 267
437 371
997 363
66 31
178 581
820 180
40 638
61 792
155 351
708 609
386 521
39 705
709 813
47 202
70 729
582 197
476 640
478 50
540 985
905 332
526 156
970 298
535 726
97 974
204 998
888 943
939 605
173 625
853 511
156 833
303 914
490 759
967 395
257 574
221 357
442 626
652 796
598 429
326 160
75 992
277 65
309 650
126 269
948 122
927 60
10 688
897 744
880 864
941 159
358 115
898 242
300 184
852 381
11 951
324 54
163 240
92 58
920 469
851 191
172 543
491 725
2 705
132 784
408 24
101 181
319 322
132 831
627 213
664 841
817 130
385 376
206 976
589 451
267 892
16 700
399 331
937 784
314 305
266 444
470 180
647 294
618 658
581 558
251 967
893 268
967 517
769 700
540 633
989 388
150 635
674 243
786 985
414 558
561 643
213 496
608 46
325 726
507 159
626 107
947 35
4 957
886 921
610 798
706 51
669 957
490 934
142 39
346 642
421 84
811 340
635 8
485 861
624 743
351 804
583 121
855 756
350 460
457 273
576 969
625 160
430 444
689 575
482 791
857 833
490 378
832 1
226 272
581 394
781 152
451 621
933 2
972 662
629 414
685 476
960 229
745 625
586 99
393 860
418 721
815 7
664 745
59 225
760 338
559 308
534 114
93 962
42 852
831 724
297 709
472 683
712 804
452 103
146 822
519 379
775 909
499 4
372 318
263 185
447 300
84 618
233 80
764 639
254 716
695 203
975 619
745 94
637 88
655 617
824 555
642 612
792 9
521 589
498 86
781 899
263 492
730 861
458 696
741 123
778 503
302 777
837 936
241 137
649 354
677 877
562 511
198 569
739 999
886 586
872 132
356 317
145 290
584 536
901 742
627 666
352 888
117 552
924 194
122 862
237 383
296 367
43 714
598 152
459 794
740 761
249 194
909 372
830 366
800 301
350 339
957 473
329 84
242 178
783 754
326 891
678 492
58 749
585 823
918 95
386 164
23 825
118 761
139 292
784 31
141 398
796 537
456 416
41 522
650 952
244 7
693 838
37 734
738 445
861 588
978 108
980 482
874 45
310 742
557 40
840 891
484 372
102 911
125 102
510 416
521 655
243 231
315 690
334 210
68 922
538 742
902 399
742 846
727 254
910 906
75 309
259 884
938 323
43 221
57 802
392 339
963 28
649 269
722 429
25 747
692 373
255 975
588 979
371 534
851 800
47 979
843 848
100 847
929 879
752 406
694 553
734 522
769 902
739 144
890 268
223 917
471 849
754 335
115 820
522 666
412 353
855 719
970 311
532 530
98 90
9 763
726 856
326 42
311 386
4 314
922 805
979 428
852 166
729 213
987 969
290 965
710 223
841 284
940 818
667 136
425 549
83 65
447 928
672 738
362 136
515 108
864 346
681 372
844 992
426 877
997 530
267 407
287 88
953 660
974 770
956 281
581 997
961 693
496 168
513 460
987 437
418 904
129 475
516 721
591 63
168 639
421 787
997 756
161 681
21 51
16 931
974 220
704 448
23 656
601 148
949 994
977 691
993 998
336 303
155 869
135 459
771 707
544 883
121 543
245 770
929 207
217 589
349 868
8 720
562 572
969 611
911 376
426 82
540 415
543 653
164 475
267 654
809 531
312 21
846 982
705 706
431 229
607 859
725 745
821 156
768 280
787 36
381 661
681 255
579 838
604 691
422 200
80 511
388 456
636 796
749 27
861 737
644 153
203 507
473 157
27 137
654 86
145 70
810 304
848 899
689 641
31 598
785 118
363 142
934 849
896 188
919 231
687 123
231 143
864 319
400 35
887 576
462 340
3 239
151 319
173 163
529 139
469 840
413 144
996 867
7 284
101 577
709 386
127 829
662 24
295 609
887 791
552 338
3 538
262 261
854 867
357 137
512 736
920 325
295 327
315 653
906 824
414 83
73 595
481 496
521 711
629 622
405 884
559 117
154 692
313 79
313 13
171 475
542 254
363 883
380 51
623 855
915 808
370 121
356 36
746 492
513 773
989 792
403 109
207 947
464 397
985 733
758 186
109 429
646 362
762 553
964 601
380 384
311 774
973 405
320 507
69 720
380 503
792 537
223 91
705 968
502 6
678 5
91 765
991 70
716 272
92 949
438 681
554 142
922 746
781 149
987 896
677 68
572 382
67 991
95 435
903 646
689 574
852 222
818 922
931 713
550 301
143 969
740 864
173 374
377 171
527 631
785 380
519 568
662 986
979 66
399 837
5 878
371 306
44 372
7 256
500 86
656 126
417 558
258 310
866 579
119 833
671 958
230 218
310 66
2 819
31 226
318 585
49 244
34 128
931 146
56 696
328 957
1 73
47 984
25 835
210 321
428 136
733 947
440 326
383 878
669 427
854 617
621 946
90 778
55 728
760 894
190 353
48 266
102 605
414 873
664 68
540 559
63 733
461 306
263 636
307 948
228 358
186 635
850 546
100 844
870 863
34 695
807 976
995 368
299 697
803 889
570 596
149 953
97 698
948 961
702 73
995 193
868 337
156 819
102 518
13 988
783 136
198 472
697 335
757 583
204 841
117 728
711 154
165 114
481 293
407 21
156 795
639 500
348 563
937 122
611 111
246 150
981 353
840 843
657 107
911 522
843 320
204 702
960 36
525 180
454 798
658 855
412 845
206 435
334 740
740 943
799 442
965 974
948 700
589 850
161 660
165 694
723 244
886 320
379 954
914 655
358 447
922 362
439 168
478 726
656 90
409 853
326 538
386 455
831 715
244 439
429 291
400 567
129 111
945 973
33 651
400 582
954 117
457 571
149 213
483 567
817 267
504 378
396 914
440 354
760 811
372 561
345 698
386 649
113 647
994 776
632 357
725 904
941 571
928 614
674 86
285 368
824 439
18 402
860 397
293 540
699 521
829 954
479 270
405 654
265 59
821 22
57 185
1000 423
69 886
161 363
273 881
938 101
231 563
318 131
204 798
649 127
138 764
970 421
471 848
674 653
568 504
677 314
770 588
221 750
501 142
247 958
882 635
313 844
939 640
923 7
597 996
855 693
249 78
123 613
142 425
914 446
867 354
290 158
709 651
639 206
553 151
315 164
779 597
799 414
712 560
441 452
548 454
842 191
241 968
271 793
374 624
311 29
692 669
879 500
348 91
135 713
962 987
136 761
895 263
474 737
861 403
438 76
940 774
44 211
430 544
949 624
721 753
958 742
888 158
506 801
141 740
275 718
354 877
959 280
684 227
536 425
438 281
59 724
246 854
541 540
993 337
1 825
825 909
509 652
699 932
263 567
910 534
858 207
293 560
310 630
536 53
26 925
722 398
389 468
156 360
303 491
858 126
289 329
933 608
915 237
691 530
418 395
111 511
886 947
647 627
247 207
60 872
181 749
4 106
441 592
448 372
156 957
88 795
51 145
680 575
40 926
38 441
762 871
409 206
666 370
819 148
217 728
431 218
274 355
689 640
194 226
875 349
306 80
880 53
516 227
10 644
122 472
987 980
607 307
101 878
66 739
714 55
573 208
830 737
101 767
118 695
46 80
640 733
624 264
349 957
410 199
701 839
7 287
850 387
214 801
290 746
694 511
789 281
353 855
462 51
373 412
176 1000
999 504
883 291
726 140
742 90
484 446
65 240
660 409
879 279
491 702
845 737
498 149
160 715
233 11
175 1000
486 520
771 657
208 327
836 73
488 215
692 497
699 851
169 700
707 704
778 78
694 938
825 937
684 148
940 302
446 163
29 73
945 576
530 558
949 8
80 47
158 390
930 359
877 934
398 433
256 410
459 133
759 278
907 925
940 877
307 889
678 856
844 48
386 632
494 393
502 916
123 481
70 680
416 975
863 485
482 64
596 690
605 686
53 519
184 458
61 28
231 460
412 682
458 56
848 608
761 321
320 9
545 576
363 109
372 780
79 857
120 678
468 224
197 494
54 617
64 445
652 278
790 140
810 710
409 103
203 8
28 655
452 835
797 849
192 384
945 198
335 775
728 609
656 398
31 30
659 801
71 777
534 483
497 584
97 374
560 874
356 554
564 866
339 433
675 11
15 554
362 882
988 962
770 269
664 824
468 812
121 233
258 601
336 345
577 829
483 538
928 893
676 679
586 929
46 781
688 29
120 431
285 417
968 253
769 508
73 991
394 804
962 759
391 565
623 20
397 451
886 686
392 264
711 593
12 829
259 568
579 227
483 214
857 453
68 612
342 143
161 970
351 471
119 91
468 721
31 679
289 482
458 491
260 37
557 825
653 570
912 764
394 687
179 399
473 238
535 570
131 272
907 871
715 94
277 663
745 992
250 107
88 66
485 960
415 739
861 601
787 938
239 997
203 275
620 480
753 705
990 246
131 95
60 111
723 921
750 462
221 476
97 214
170 906
706 584
573 280
300 860
340 685
90 774
73 46
576 774
719 99
595 433
813 410
816 386
10 473
282 354
681 568
295 552
654 869
573 17
591 202
822 208
618 279
524 177
48 122
103 476
813 205
742 253
75 983
565 604
470 160
223 568
370 51
858 377
935 463
155 953
229 248
697 174
523 977
609 906
648 614
367 878
219 685
333 266
544 567
319 971
213 340
124 113
167 135
830 477
298 50
9 354
561 632
532 335
720 39
96 769
464 741
265 276
599 369
285 969
749 164
252 668
492 147
520 286
369 856
285 634
342 885
495 567
278 493
925 650
216 100
877 145
380 53
717 552
480 846
957 25
226 5
320 194
874 681
363 752
483 353
296 107
567 719
605 440
364 266
499 533
692 632
749 633
552 203
18 539
239 735
420 411
261 921
278 41
54 754
690 105
110 872
71 546
883 552
19 895
370 685
45 954
767 250
490 82
424 593
510 145
257 147
511 440
594 860
780 201
214 885
676 906
288 987
555 843
921 37
228 561
409 889
157 491
728 601
712 894
452 185
236 784
845 958
955 194
828 588
394 126
250 916
788 290
954 22
974 77
855 474
324 258
57 393
936 644
208 235
617 65
470 175
146 689
432 804
829 876
729 635
78 416
94 468
781 969
26 922
355 842
185 271
939 146
445 837
981 883
530 493
320 213
234 836
104 264
32 485
950 929
312 885
810 28
47 215
456 832
520 393
687 807
251 489
235 812
87 839
201 748
58 879
905 450
374 401
324 200
161 946
400 150
734 401
580 831
852 196
605 412
164 198
922 312
719 404
443 921
120 762
126 304
292 98
960 156
465 594
773 962
582 7
988 298
475 409
889 155
983 609
451 400
380 538
514 110
349 273
154 865
665 155
884 9
499 45
923 735
249 534
366 959
202 932
137 611
104 746
358 291
196 154
659 738
417 211
681 786
133 759
559 849
196 338
820 599
959 994
386 688
552 513
630 954
3 843
812 467
651 983
302 897
391 720
233 804
835 153
916 465
647 291
725 591
727 17
17 896
91 819
294 372
481 851
722 627
831 87
121 709
268 791
765 719
180 123
312 457
369 697
522 938
119 118
342 211
402 92
460 298
317 431
600 715
985 509
380 497
480 655
517 665
772 421
351 144
887 348
178 838
434 220
678 59
407 243
669 732
703 674
640 974
540 64
610 820
657 141
877 490
308 539
992 636
538 440
114 790
230 668
433 382
254 278
182 595
631 652
266 598
446 824
162 519
717 494
760 486
614 449
923 492
546 865
573 356
82 193
27 576
162 823
451 396
168 899
936 768
390 281
417 413
291 420
404 141
296 526
577 899
998 221
361 40
125 860
642 833
314 254
99 892
799 602
85 817
447 446
552 622
917 186
918 621
152 124
410 828
485 216
270 524
417 104
624 32
313 47
480 968
