1000 9879
357 286
565 793
668 732
289 22
364 558
830 631
721 107
117 866
423 231
156 290
767 509
656 986
198 685
125 899
294 411
937 531
939 77
759 324
426 40
431 345
640 366
894 937
81 448
646 340
316 559
208 864
373 554
707 326
70 634
345 9
381 859
369 179
795 955
282 538
88 805
526 305
861 694
812 906
307 114
46 12
1000 521
394 910
696 258
147 586
919 184
140 257
622 213
731 792
218 893
70 246
115 731
276 990
596 138
260 315
346 976
857 674
364 438
40 4
81 680
888 712
390 584
463 2
650 980
758 797
357 924
641 703
353 261
277 187
741 998
723 103
10 454
780 38
456 604
241 780
386 453
281 169
249 881
33 536
510 340
2 789
985 319
336 695
210 144
447 333
674 259
309 364
592 632
498 407
702 219
491 984
708 38
790 912
93 630
612 730
108 873
694 992
5 196
471 441
399 140
293 905
43 222
850 738
446 233
251 787
787 303
83 209
73 843
935 95
621 281
464 440
215 470
412 184
854 452
610 696
972 55
555 89
540 723
578 410
373 526
1000 312
251 238
783 121
973 603
722 861
911 805
716 131
420 960
633 619
505 216
251 460
95 215
577 124
746 896
873 536
251 445
255 413
661 992
762 35
869 845
999 786
969 331
300 547
118 830
101 1
883 698
98 298
671 717
22 695
272 147
491 793
365 768
629 83
595 479
870 871
157 712
28 752
31 179
107 329
989 171
720 704
81 950
317 750
853 908
987 438
416 769
315 501
337 349
656 471
797 570
768 657
181 205
333 122
357 116
125 248
181 134
312 331
664 224
632 276
544 886
318 353
742 10
102 648
582 646
339 395
863 975
294 510
646 99
404 266
189 524
209 214
618 698
252 108
811 49
433 939
768 364
829 589
725 652
817 753
734 514
648 865
441 741
877 472
602 488
179 345
946 359
726 921
359 608
913 284
217 191
990 770
493 730
352 914
304 789
526 96
451 966
32 228
269 201
843 44
52 678
174 830
982 721
731 979
292 397
477 919
4 281
585 302
411 265
628 239
948 592
663 255
919 81
481 77
31 881
639 236
880 789
53 997
936 7
121 151
982 802
220 221
828 412
847 96
371 347
903 466
345 948
417 519
325 374
73 485
81 127
556 502
707 610
942 255
610 972
37 659
793 77
421 820
996 588
423 105
162 420
384 150
760 903
301 943
676 653
200 222
348 462
663 897
882 313
792 49
385 493
224 691
321 495
85 638
901 360
825 943
958 845
78 348
973 176
977 821
299 449
542 415
532 145
459 135
740 28
118 408
218 290
909 110
807 226
339 586
212 708
602 460
804 896
859 471
329 608
549 199
282 950
514 749
806 77
710 489
655 280
172 923
143 564
516 50
601 575
44 819
912 463
349 264
752 14
326 113
662 767
222 166
829 134
406 441
746 548
709 688
286 662
877 858
224 326
791 78
769 751
88 309
253 965
144 7
733 347
25 260
723 221
763 748
362 252
605 129
219 586
935 784
239 391
813 436
685 317
24 763
850 187
45 91
598 905
488 904
729 718
915 653
811 556
6 846
483 655
543 125
176 101
927 210
309 279
609 273
42 626
849 258
668 962
393 740
103 523
841 71
931 356
788 475
131 678
211 986
312 259
812 432
158 198
797 207
890 310
167 12
117 865
461 303
217 29
764 200
964 410
404 770
922 128
180 88
990 553
772 356
539 659
540 712
578 439
859 386
308 388
735 383
117 564
852 569
800 980
74 729
592 150
832 421
49 79
587 397
36 669
787 831
826 795
792 743
152 838
445 479
135 231
472 419
326 450
347 997
259 7
890 57
642 252
201 820
697 927
944 924
620 113
420 97
850 490
321 2
376 413
908 142
267 286
303 692
306 376
37 504
760 259
614 482
938 950
27 559
842 376
974 853
794 455
31 472
992 51
620 565
659 831
309 762
36 390
607 713
615 242
98 212
438 385
665 451
834 240
443 509
524 258
537 67
234 426
896 185
293 807
440 357
557 198
606 387
871 837
67 70
608 354
419 709
171 36
542 53
998 427
266 368
693 183
717 17
578 761
336 244
63 99
502 641
29 15
697 712
915 210
165 479
664 466
450 919
101 175
18 179
347 517
366 291
670 443
284 18
142 112
551 492
756 798
562 903
545 179
786 63
454 849
40 933
517 445
351 235
870 957
579 908
1000 631
411 14
78 140
734 487
97 933
151 192
51 84
490 668
877 288
421 330
127 86
204 733
887 632
840 761
966 105
533 698
439 491
576 211
334 711
905 791
230 308
858 965
213 714
975 122
504 93
323 739
486 29
714 883
389 763
837 502
658 747
606 717
857 771
17 814
379 697
125 837
202 910
943 227
860 223
845 781
392 533
708 27
674 407
694 82
717 467
684 28
777 902
249 8
229 137
102 649
910 618
16 740
24 239
794 927
688 182
997 180
928 389
655 978
512 68
87 172
933 668
539 829
766 148
967 941
713 854
734 968
664 302
172 765
639 885
787 40
995 141
264 107
294 614
820 32
952 216
19 259
520 316
105 832
421 12
760 417
621 221
587 85
277 579
102 175
335 379
118 121
100 732
563 156
563 737
774 806
454 95
126 337
455 690
115 741
352 753
536 992
550 695
109 555
404 695
576 128
429 164
385 669
633 66
500 207
81 720
487 451
845 749
334 338
580 574
504 121
756 941
440 993
643 759
991 960
871 174
710 872
144 329
453 465
628 481
477 459
171 672
857 619
29 514
140 669
270 788
931 250
885 623
281 273
405 434
609 218
457 752
349 930
560 650
64 830
323 27
967 738
306 983
137 154
129 886
521 596
48 354
157 128
423 978
919 780
223 387
206 759
319 956
755 346
385 654
82 976
939 198
358 877
623 211
766 400
63 264
928 143
14 196
861 316
388 25
616 146
192 167
728 492
835 432
507 771
311 691
222 506
21 885
928 109
913 255
623 550
333 788
87 869
202 209
899 845
368 169
648 459
47 459
914 370
847 688
308 449
813 512
210 727
502 343
508 784
494 955
541 674
799 450
122 362
322 888
92 326
93 59
611 930
316 286
317 563
11 744
752 267
378 579
641 593
720 950
921 193
942 169
249 726
859 541
487 372
326 562
840 382
570 729
861 472
917 486
758 576
504 371
508 331
471 177
914 984
817 227
473 812
837 736
50 658
803 336
769 64
788 484
115 456
977 485
225 664
815 909
228 809
135 271
375 906
211 989
414 194
660 158
76 485
854 955
320 799
962 450
871 662
855 13
713 524
806 595
9 181
247 509
587 576
683 53
495 56
427 371
191 234
722 12
821 175
937 418
656 333
259 586
79 441
750 238
497 324
402 335
334 949
838 637
922 552
248 685
636 832
468 946
308 731
754 439
503 584
584 842
61 174
511 88
616 571
448 93
725 215
684 832
3 797
999 889
92 699
775 171
115 586
560 717
481 116
619 170
358 210
892 894
642 511
143 862
511 304
926 575
837 128
567 827
823 173
184 916
791 307
225 248
905 566
529 992
93 801
901 884
739 487
908 380
983 920
949 536
72 228
326 681
483 682
746 108
323 949
964 217
417 296
471 85
738 664
29 987
654 906
76 442
537 184
243 155
637 119
674 483
237 905
110 233
312 288
994 772
162 252
741 9
355 706
617 251
545 374
808 960
237 794
518 67
132 410
479 877
203 326
651 878
66 386
985 744
56 148
440 51
461 419
725 758
848 669
981 860
158 477
380 341
143 427
592 85
670 440
769 527
854 164
271 388
353 417
28 159
707 47
50 466
625 334
500 470
706 649
869 843
748 12
913 993
808 201
790 361
187 260
136 582
304 472
224 271
595 368
250 479
474 971
644 629
962 932
564 374
177 8
654 554
838 199
658 601
642 114
515 224
383 750
131 747
546 534
362 919
951 109
699 508
684 360
25 29
563 541
716 857
462 501
503 955
890 571
710 559
345 745
287 778
113 581
771 697
907 425
161 207
604 213
107 919
825 800
44 388
366 128
997 34
500 70
233 845
630 972
295 13
212 861
637 140
935 125
683 492
77 853
998 551
471 701
368 706
898 993
289 449
858 856
338 998
63 279
726 189
161 267
894 999
787 43
660 795
274 42
38 211
419 361
80 357
183 115
684 692
422 205
815 366
375 295
70 723
271 408
758 364
8 224
482 43
175 124
161 966
130 655
22 897
80 530
482 154
688 977
28 860
16 298
130 318
244 896
117 446
597 900
13 83
71 477
164 193
827 899
700 499
900 733
649 603
502 507
996 680
849 856
654 407
72 975
166 152
222 629
62 962
249 825
177 52
620 856
664 514
315 418
297 723
33 597
250 725
434 556
737 205
21 252
337 191
152 177
508 288
241 603
349 560
43 493
819 1000
402 516
871 540
161 235
453 643
419 527
115 412
127 195
197 654
731 625
461 265
501 748
651 857
581 552
740 143
428 741
753 268
556 745
173 907
783 2
87 401
952 6
956 598
790 539
378 170
195 528
951 813
792 542
265 674
731 531
535 643
464 974
213 845
808 355
402 396
92 912
959 688
356 859
766 982
115 704
870 624
762 89
545 565
113 395
913 76
23 162
286 528
869 206
151 350
814 10
227 671
317 715
550 512
935 786
224 166
832 805
64 351
546 751
965 247
931 955
953 727
914 823
154 832
766 509
755 844
348 142
21 16
494 966
219 155
354 958
480 749
784 501
841 740
309 390
691 812
58 134
767 654
298 681
466 611
582 701
660 159
214 216
889 395
711 700
566 193
4 528
241 306
668 529
211 826
837 914
731 435
915 184
313 270
665 545
649 356
433 157
686 841
393 166
218 149
666 280
743 973
725 322
835 286
85 227
985 429
549 532
215 608
53 325
578 36
122 856
514 860
719 331
853 443
723 718
5 371
411 36
765 931
624 825
184 490
188 306
573 363
703 509
778 900
644 746
566 815
53 648
883 901
754 519
352 715
351 919
559 146
834 495
785 49
511 221
279 203
377 217
140 147
912 188
952 717
184 695
646 215
886 298
27 771
124 773
200 601
13 492
434 771
399 823
847 437
147 50
887 948
107 366
98 615
923 634
410 347
896 494
37 728
956 482
978 102
361 120
570 364
384 161
42 965
719 909
679 654
180 587
807 478
935 741
595 768
888 246
944 56
288 838
955 408
584 126
809 606
630 993
665 739
573 954
794 953
410 910
407 552
369 481
522 15
480 838
318 426
844 150
238 253
313 298
377 607
858 22
237 59
493 977
834 15
63 323
288 87
824 9
165 319
368 389
877 252
787 236
672 84
22 523
939 473
799 833
620 290
416 890
668 345
512 767
412 750
450 601
967 412
515 807
164 351
737 651
38 368
22 853
740 618
464 805
469 604
515 948
25 693
221 395
248 279
211 141
66 664
624 146
73 236
880 236
383 395
421 682
858 963
568 569
912 736
554 756
439 26
704 137
743 403
69 9
469 815
678 672
791 342
996 708
525 262
379 714
992 99
168 613
153 471
33 569
107 616
146 888
793 231
211 761
964 24
239 12
958 634
371 956
355 515
549 555
154 602
87 72
296 298
664 227
283 65
774 152
569 298
396 770
722 504
280 283
30 459
894 419
507 426
425 499
820 780
413 370
181 982
664 304
955 755
778 280
29 130
144 692
125 569
536 874
317 391
122 801
764 464
648 243
830 223
796 475
710 636
708 767
412 300
880 332
329 474
145 268
352 917
964 912
37 122
377 439
862 110
844 717
408 645
541 555
155 144
235 78
878 916
774 911
900 734
406 3
344 966
844 947
918 430
701 790
704 102
942 32
777 622
585 536
326 837
755 597
667 795
779 709
62 963
750 856
864 491
793 929
336 596
764 652
376 181
569 906
783 982
163 249
426 289
955 117
666 192
650 717
172 121
138 313
971 955
970 602
315 643
47 421
358 295
31 327
785 871
91 504
886 203
383 54
798 255
584 39
103 625
518 238
341 993
802 85
478 286
497 227
168 925
634 80
543 734
11 505
629 277
57 139
794 864
670 215
817 641
75 283
682 769
720 84
815 559
393 282
308 419
772 274
403 337
955 908
621 413
307 237
701 261
49 417
908 673
691 275
29 392
658 56
143 253
243 940
463 871
190 741
831 947
985 227
786 404
571 854
184 446
705 236
122 406
529 446
978 575
447 768
749 684
418 518
681 404
965 953
956 10
892 911
83 398
321 517
221 100
780 392
847 464
757 92
649 711
923 480
926 961
158 623
675 323
121 265
162 626
71 839
219 591
644 590
334 357
701 683
325 343
645 932
461 791
44 257
525 334
529 907
470 559
508 470
492 947
920 312
44 144
375 614
671 53
812 800
832 627
29 661
106 376
572 525
976 910
116 945
929 280
507 372
128 505
168 261
664 219
276 161
974 312
388 955
760 644
137 381
473 309
788 196
612 256
247 511
543 690
547 695
622 217
553 950
568 884
855 877
146 407
578 407
388 104
337 512
377 563
227 841
795 959
744 965
263 937
126 801
92 881
218 436
364 554
921 837
795 812
578 84
25 568
356 538
654 97
964 857
52 819
127 345
645 290
848 946
942 668
874 702
601 30
217 357
715 34
662 559
338 499
503 763
469 583
456 634
878 989
956 959
186 888
980 53
554 910
41 849
862 566
799 416
713 248
213 563
698 597
145 691
992 890
130 9
500 1
852 478
193 687
107 353
257 138
295 598
921 163
193 856
309 598
457 963
167 536
921 76
854 818
569 962
396 682
223 769
295 436
870 949
48 127
432 158
875 642
641 462
698 137
667 567
138 64
86 650
569 668
59 718
137 264
279 989
945 673
413 75
825 891
664 55
634 226
996 244
483 283
543 257
945 562
507 385
660 35
403 58
777 841
412 180
240 403
731 605
973 373
617 283
85 277
104 48
401 318
186 904
407 480
156 32
251 226
618 853
470 320
255 554
645 100
355 128
781 612
106 511
17 511
1 914
184 280
331 155
634 128
100 596
359 713
711 116
458 234
829 489
27 83
563 133
69 436
914 297
191 861
567 714
903 708
631 707
10 821
529 23
378 679
767 387
192 303
780 480
640 864
346 646
872 828
852 498
504 96
382 65
205 760
432 982
637 725
119 455
15 843
804 204
352 131
893 828
548 201
219 853
76 762
189 949
165 257
112 914
538 850
686 458
102 829
747 552
141 879
557 295
638 850
822 181
84 90
337 797
334 600
734 828
988 596
725 551
590 435
761 883
703 112
193 616
389 248
816 604
191 300
613 796
553 543
436 133
596 667
27 352
877 680
394 657
469 59
424 340
29 419
285 601
786 30
553 313
844 488
402 279
776 24
761 574
78 912
27 142
653 718
326 510
53 606
737 549
476 527
204 542
743 587
167 818
781 362
269 86
628 953
365 557
684 891
688 930
874 537
801 645
969 363
252 865
420 85
738 56
169 339
832 61
357 766
84 922
670 993
415 466
298 120
952 646
628 607
884 705
352 466
908 38
188 840
830 747
634 488
706 909
106 833
857 527
948 882
456 400
130 241
480 118
614 425
304 292
124 957
894 137
36 251
992 145
684 703
611 617
278 808
64 740
284 813
637 761
785 580
514 26
239 333
96 53
940 992
483 663
656 311
196 112
713 170
551 702
475 43
280 43
44 60
564 827
340 823
569 619
381 157
646 801
958 535
730 734
380 987
91 104
642 920
333 491
980 886
306 933
552 917
59 10
526 661
599 97
489 582
588 502
860 627
474 178
307 361
320 724
877 784
4 790
869 380
997 439
237 2
49 788
835 437
910 385
491 379
739 209
873 667
831 521
566 726
914 79
237 292
986 589
588 777
112 82
631 869
281 437
568 293
36 343
130 256
630 39
597 934
121 85
339 906
670 946
552 249
951 659
734 1
516 348
518 774
944 579
908 230
819 261
343 579
14 545
400 917
454 344
150 33
300 886
357 611
895 620
654 625
300 92
326 934
898 63
45 966
512 933
286 304
345 916
269 574
914 821
461 934
168 431
135 213
737 252
624 710
966 737
806 906
788 641
696 211
480 368
45 232
569 534
219 157
188 716
314 251
522 420
98 786
638 904
552 595
667 994
849 317
116 946
523 82
449 513
399 391
413 102
640 214
401 678
608 346
256 175
828 855
998 387
108 481
7 995
800 667
216 974
4 891
590 915
212 518
973 655
902 999
816 612
670 323
614 863
654 49
331 97
204 241
734 673
626 278
166 189
48 470
740 274
544 493
339 731
286 950
820 394
295 441
363 289
454 248
860 923
857 910
593 624
175 54
827 313
491 389
990 105
17 55
520 213
960 396
492 701
835 860
675 947
359 394
508 960
715 434
59 438
10 798
304 575
468 258
537 551
610 55
684 978
900 663
905 767
374 764
235 166
291 152
978 322
245 321
358 160
490 120
523 977
112 570
286 597
421 918
407 583
387 424
953 753
708 269
818 509
248 440
140 721
326 74
548 293
915 538
871 103
871 977
985 930
712 38
965 412
234 406
569 296
592 524
578 979
690 997
450 350
342 336
94 781
797 484
526 674
147 211
208 399
142 858
473 385
294 177
481 926
213 588
579 197
172 533
839 776
212 856
898 907
167 274
80 380
668 277
742 642
212 649
730 202
658 351
472 246
256 289
354 230
528 895
801 301
291 747
126 264
351 215
835 538
674 644
777 833
645 261
927 544
230 639
503 553
114 968
54 542
634 243
136 762
688 903
563 53
70 39
645 551
79 799
151 418
11 599
28 559
302 58
108 315
281 885
495 591
595 373
232 781
728 978
241 961
58 183
191 601
325 413
829 557
705 743
803 190
641 271
400 763
692 672
211 715
785 744
466 107
668 919
48 28
360 286
730 82
578 900
48 491
915 935
811 790
428 478
216 748
289 96
552 954
972 739
590 592
739 760
518 163
345 941
185 351
821 450
881 351
424 936
425 497
760 556
172 618
726 321
433 942
550 632
644 476
522 944
263 722
640 299
365 232
539 607
155 342
691 648
393 333
88 883
458 301
316 835
501 472
507 1000
207 539
192 832
448 630
293 206
117 266
248 599
781 361
909 436
1 671
828 196
903 666
870 587
728 80
573 120
644 977
886 481
690 180
287 262
917 635
476 221
225 91
207 95
210 785
942 38
466 423
585 811
879 969
607 478
315 54
922 82
581 191
230 423
824 988
241 894
943 553
555 685
332 738
258 733
741 650
64 532
256 877
193 944
416 809
665 14
46 703
819 789
932 540
864 186
918 603
354 776
280 91
389 263
120 410
881 537
833 734
302 907
945 744
15 354
328 758
264 862
284 257
447 247
431 722
215 891
74 893
976 81
831 93
356 179
614 948
674 776
488 267
470 431
588 326
699 679
464 276
800 862
200 750
739 835
702 85
151 945
355 74
839 484
472 174
312 791
802 152
21 881
908 675
981 115
69 617
967 64
767 608
41 456
648 96
596 414
947 44
469 304
867 197
790 451
563 252
657 135
198 33
364 313
519 793
424 254
278 137
211 214
429 883
949 154
991 765
995 758
836 562
14 550
643 82
888 289
127 194
301 548
323 809
69 62
14 977
76 974
718 421
462 231
470 690
721 528
409 906
283 865
488 909
823 107
770 405
441 281
719 938
315 304
318 625
465 483
374 861
201 441
789 24
978 163
390 61
102 875
267 770
517 750
276 60
595 650
986 482
976 799
719 633
208 169
704 814
298 959
648 625
5 188
371 660
502 702
437 257
935 6
497 30
298 89
392 158
726 137
468 617
285 845
623 243
310 672
662 888
744 952
462 799
468 728
948 34
252 375
234 902
329 694
165 280
208 757
818 626
431 69
238 945
909 282
468 958
646 509
878 641
442 721
443 648
460 554
133 476
85 387
193 353
438 653
815 655
311 156
640 863
593 93
662 668
385 688
69 240
473 691
330 236
520 820
727 879
653 72
692 530
641 512
383 353
331 650
260 646
444 491
961 567
305 43
921 161
245 753
796 743
124 998
859 116
14 860
537 497
702 917
884 984
888 27
428 70
853 867
168 539
689 111
211 671
718 210
793 185
73 531
684 53
189 881
882 910
357 427
159 613
966 895
200 362
897 260
699 912
385 552
746 894
962 612
423 964
129 427
919 816
960 783
835 193
109 476
806 450
545 84
28 782
234 875
364 814
755 391
378 382
290 952
627 577
973 597
152 905
602 385
75 3
131 373
593 706
725 69
212 360
343 342
40 825
956 895
959 612
639 400
108 88
1 690
972 497
135 715
265 985
268 488
326 178
166 523
773 625
667 18
884 556
90 236
236 331
59 322
83 72
657 361
586 81
420 273
495 959
653 253
605 196
515 437
590 680
105 851
58 424
33 589
486 225
390 454
749 805
736 140
242 637
758 295
371 35
950 163
614 124
427 866
103 847
340 797
452 311
806 802
936 764
901 630
439 987
480 680
228 798
287 647
824 492
648 698
759 740
65 536
411 564
858 215
203 950
954 738
536 254
260 454
626 560
781 676
674 852
640 300
915 98
731 396
296 498
351 20
281 918
798 749
251 128
425 35
821 901
494 727
170 265
722 970
753 928
66 985
208 318
383 74
40 164
168 121
39 942
890 950
841 342
566 770
905 677
784 946
737 886
865 185
139 278
748 274
568 984
609 188
352 67
998 302
816 498
695 367
690 407
139 359
927 454
141 461
666 92
315 422
499 389
462 59
689 213
428 127
157 599
196 483
384 253
701 68
738 634
393 609
174 478
743 686
662 371
78 122
408 98
724 552
85 806
784 397
968 122
570 402
410 47
510 481
389 262
542 852
125 150
989 589
25 904
190 370
375 850
581 643
30 411
931 333
694 930
772 616
964 428
489 580
418 360
185 451
833 511
461 406
798 815
87 316
809 630
664 271
765 697
325 732
217 963
937 474
616 151
670 500
332 195
9 856
763 201
806 609
415 636
977 242
160 799
579 587
430 347
877 338
183 609
335 257
633 662
151 7
173 587
545 600
876 14
307 317
734 116
573 42
662 960
819 406
107 479
918 358
690 89
139 421
810 718
889 207
158 594
342 65
16 71
219 576
610 371
282 278
620 952
103 76
497 759
281 214
546 602
103 291
253 959
737 237
851 357
357 212
699 843
439 914
188 658
430 723
270 612
849 149
890 971
962 428
46 931
417 97
978 508
898 528
574 609
341 151
759 575
493 993
10 570
180 256
3 441
744 559
460 16
243 416
7 989
604 959
425 456
741 242
155 755
412 194
754 127
226 676
7 643
787 103
94 375
403 366
133 313
475 675
169 865
26 622
833 150
796 30
85 516
697 711
91 720
829 450
316 251
669 697
304 723
142 299
40 237
518 966
978 911
603 400
448 82
50 442
487 856
771 486
184 716
979 267
256 730
230 691
969 289
163 374
936 54
679 392
802 643
729 481
715 658
904 547
980 278
693 987
568 912
577 582
173 115
836 821
93 828
6 925
784 278
63 580
102 42
237 721
20 777
993 871
722 95
466 801
30 166
384 84
628 85
560 157
79 415
318 765
396 907
163 912
989 516
167 968
742 836
428 500
819 326
817 492
402 376
787 308
163 718
536 116
494 252
21 756
117 847
725 512
837 287
367 999
449 446
33 191
507 224
208 835
680 716
108 292
489 830
113 250
652 771
464 620
726 116
303 173
820 505
382 686
660 610
312 720
866 267
403 763
151 873
781 498
196 790
51 45
804 597
696 182
535 711
611 37
797 673
364 243
863 219
574 266
98 451
692 977
535 421
244 984
300 538
211 145
808 93
457 49
351 661
944 525
546 817
67 99
430 220
838 169
642 476
571 494
384 500
37 390
611 993
966 269
89 975
236 618
941 193
390 329
291 404
874 119
124 634
250 813
931 196
400 524
755 776
29 681
594 171
343 73
916 231
225 755
647 17
150 555
137 728
3 120
197 516
401 723
954 897
405 983
69 241
898 728
702 498
394 299
548 648
336 214
355 882
265 821
324 959
916 283
459 144
428 653
14 242
640 301
477 556
459 97
988 451
317 387
85 167
88 885
514 913
367 729
669 863
230 831
30 907
861 759
904 976
31 715
307 435
100 730
853 388
337 845
606 196
859 237
499 584
300 623
585 975
162 904
607 314
222 860
814 128
905 676
451 634
306 362
828 36
991 552
775 623
102 257
286 584
714 399
168 295
296 764
867 615
851 106
500 47
28 723
983 633
175 556
217 890
328 173
606 768
186 215
495 835
978 411
543 241
157 598
586 852
269 616
898 376
187 227
63 924
468 461
174 479
323 995
146 856
970 582
718 152
760 910
245 970
428 158
592 583
93 518
285 854
674 437
158 66
803 267
287 634
368 950
957 14
560 52
781 916
587 973
287 523
897 323
593 60
385 535
373 546
171 98
708 795
177 981
752 667
695 527
238 206
468 599
103 928
877 781
380 299
554 304
347 466
699 697
848 686
354 330
997 436
377 539
104 317
17 666
769 939
406 693
592 18
576 695
976 369
122 783
71 120
109 197
256 689
407 154
564 15
797 150
899 802
867 118
575 649
933 79
919 172
744 538
429 992
984 41
554 775
224 494
848 744
658 873
809 211
631 644
293 407
908 225
839 955
614 505
5 879
727 826
140 970
373 470
118 914
214 858
486 223
167 711
789 324
866 601
872 902
77 323
19 340
305 376
659 665
851 190
400 596
591 366
634 975
306 866
181 342
772 815
419 577
438 303
993 548
590 856
261 302
778 152
712 156
217 610
669 786
822 193
627 43
630 926
522 133
797 285
929 141
74 780
678 396
924 896
319 990
30 263
215 793
702 622
20 281
7 621
381 738
630 555
665 981
812 604
248 981
542 269
156 216
503 179
895 669
993 131
345 17
535 988
645 12
276 737
347 29
903 937
961 88
765 958
570 700
476 579
517 467
151 181
411 168
585 677
269 10
318 198
717 262
919 176
248 401
193 272
743 577
966 245
307 280
145 405
26 176
689 592
732 594
399 909
18 556
10 748
852 107
712 542
305 984
748 452
948 646
382 222
936 198
27 695
267 501
35 17
988 153
914 788
410 471
145 866
79 489
181 313
38 658
79 414
279 872
241 367
440 364
439 614
261 258
870 270
543 380
195 2
471 433
220 631
77 986
8 575
389 494
825 1000
493 170
20 334
26 911
506 727
317 922
570 796
535 770
602 109
432 685
289 276
486 819
977 903
213 445
765 608
574 755
18 61
420 633
11 630
960 606
84 462
602 399
4 15
174 699
925 641
676 364
584 797
821 976
753 954
257 701
661 903
698 266
19 571
960 491
174 917
981 267
326 176
718 854
420 61
128 623
335 386
775 616
255 251
396 405
913 773
349 403
336 990
836 923
504 100
603 944
414 305
913 662
145 556
865 925
37 534
165 545
576 456
741 514
390 664
600 510
600 118
405 131
888 57
814 801
618 238
600 621
763 907
272 568
805 738
112 775
116 215
409 753
871 865
586 531
271 671
275 728
186 389
759 960
464 239
82 306
798 132
94 865
585 148
707 202
390 665
30 445
586 757
493 253
648 700
21 678
205 137
546 71
124 63
252 100
47 523
583 581
730 907
527 547
129 702
369 17
960 924
647 724
389 228
52 34
428 797
916 634
976 293
812 955
338 770
847 903
939 568
173 724
725 103
249 278
32 252
711 84
184 423
38 262
939 585
951 538
75 783
761 284
598 441
213 917
139 949
700 393
880 781
58 569
131 815
80 965
339 208
505 312
918 18
131 700
300 797
763 841
103 168
90 761
895 348
254 44
970 869
900 904
704 281
339 302
456 114
222 665
908 258
713 174
932 648
845 857
263 222
180 520
755 916
884 304
189 838
890 949
711 833
768 947
271 864
82 681
755 178
997 209
485 397
308 138
608 400
937 574
850 565
411 643
87 318
825 145
42 109
208 893
464 279
7 665
263 819
878 398
754 168
593 366
868 447
406 629
84 407
880 286
895 523
599 839
167 420
453 762
804 543
165 67
95 134
687 962
781 313
70 832
457 285
130 365
222 31
80 756
245 166
430 456
731 823
991 361
559 117
303 811
144 768
246 181
143 978
520 795
813 650
830 568
799 459
636 767
196 668
18 600
936 235
990 290
499 325
872 319
213 651
358 452
789 466
767 711
350 402
942 176
879 726
894 169
141 495
205 700
153 481
524 48
343 274
418 967
509 294
336 708
997 817
284 956
28 982
175 801
276 788
775 22
926 390
642 969
2 552
977 478
194 877
600 835
450 374
699 905
385 449
781 951
553 808
471 285
493 197
886 676
134 343
366 412
220 569
323 427
204 158
77 744
355 26
998 880
713 992
897 443
436 377
394 289
830 9
83 900
845 37
562 406
199 42
330 855
592 142
273 560
557 832
818 108
247 830
344 71
108 480
36 645
56 315
166 256
981 133
108 570
730 391
325 865
566 801
899 174
204 546
761 363
339 829
499 658
255 113
165 857
645 463
121 117
321 587
875 172
639 223
490 322
473 351
2 166
240 869
224 378
701 1000
650 842
540 426
279 310
248 368
710 126
658 989
112 431
44 444
911 245
326 902
940 646
542 726
484 885
110 692
914 789
555 857
686 209
279 645
10 625
619 350
111 842
888 141
30 164
327 994
185 829
348 287
556 212
993 982
461 24
486 437
470 814
851 609
870 271
941 609
765 59
604 895
181 218
77 985
868 804
531 716
797 201
789 652
459 281
298 937
194 198
412 177
105 417
566 342
458 595
192 555
998 653
10 448
165 554
142 902
200 730
721 360
557 642
255 721
296 424
521 81
596 755
506 25
622 843
806 50
815 192
74 372
262 205
160 76
481 350
321 821
50 461
51 92
839 207
108 91
435 317
611 180
334 557
895 244
217 501
662 703
165 893
790 712
577 405
373 250
514 807
187 869
753 628
386 237
145 243
652 208
343 519
552 68
951 324
457 128
10 528
33 977
361 316
145 547
580 385
407 615
429 491
488 953
106 8
328 2
374 873
499 337
965 346
860 32
842 535
736 126
534 417
386 516
955 220
940 904
443 416
210 365
466 771
38 703
423 727
220 413
116 839
86 683
488 230
641 94
780 519
802 75
453 825
972 799
275 441
149 464
703 921
746 508
881 339
863 583
739 589
760 560
983 366
787 451
327 266
316 633
43 979
246 766
742 723
213 495
363 574
159 777
842 10
368 328
151 937
552 98
192 678
393 369
485 731
777 475
748 826
217 134
255 346
458 11
991 487
259 54
275 260
544 152
819 14
947 69
878 559
721 852
495 649
598 311
351 981
608 136
770 841
808 172
681 418
3 74
921 467
973 954
278 80
795 422
652 357
176 566
853 740
729 430
120 883
504 18
902 388
988 316
684 549
903 453
724 230
546 706
72 837
914 714
609 34
58 280
828 260
595 115
558 101
561 391
853 951
740 223
430 499
187 229
427 818
582 430
140 661
567 360
498 325
171 297
408 101
979 750
584 222
828 985
707 792
327 571
294 384
253 293
815 870
63 205
467 972
926 180
532 68
971 620
974 337
613 63
560 389
817 554
59 506
95 717
441 814
460 126
189 408
760 588
744 49
394 604
845 365
630 717
170 39
155 665
119 72
835 299
378 322
714 696
258 118
808 701
626 412
557 714
236 187
39 664
901 205
89 431
201 549
243 946
227 281
585 655
985 229
17 75
957 87
575 536
814 448
464 852
122 400
620 503
112 166
301 399
979 368
563 113
856 229
550 681
123 550
480 201
724 36
299 466
349 876
726 638
110 959
349 425
791 182
136 916
837 148
179 534
71 732
663 504
866 740
957 539
651 464
979 63
690 438
840 279
306 431
310 431
345 176
332 691
247 407
414 409
474 684
37 702
276 474
775 896
428 237
654 775
803 459
751 257
419 498
388 643
53 202
809 612
437 683
764 995
76 93
968 232
272 815
661 203
713 782
447 593
836 295
360 120
488 77
697 159
276 798
397 570
471 653
309 210
498 813
134 487
697 121
551 114
644 400
463 690
284 7
610 541
194 308
179 408
507 807
213 447
19 323
757 587
231 816
852 945
139 774
800 92
507 916
3 468
630 378
776 213
545 904
13 178
108 112
593 900
649 954
890 78
472 347
456 608
329 246
999 702
420 27
166 483
683 663
244 967
446 266
818 946
801 832
235 12
552 218
184 702
245 475
607 752
4 146
774 728
280 684
232 677
140 1000
366 688
372 65
706 865
175 742
534 43
167 534
538 934
831 767
408 191
392 772
703 540
15 994
845 911
537 102
556 326
831 588
499 239
559 573
983 769
660 356
846 11
614 39
580 211
238 315
901 687
519 112
6 77
235 866
72 345
203 561
189 766
686 658
945 564
328 562
935 81
204 477
497 173
705 576
498 254
959 95
321 351
29 6
820 823
473 388
19 16
459 233
702 311
902 821
656 847
597 436
155 321
686 991
301 386
341 118
108 295
859 505
753 94
367 710
905 241
355 134
273 255
550 165
753 47
327 212
293 68
358 762
307 88
880 438
697 736
847 573
221 738
293 213
736 828
252 996
844 672
472 311
606 126
58 944
161 943
79 794
282 56
286 704
897 229
629 424
97 15
795 330
640 247
728 919
32 670
550 752
440 863
573 305
296 771
368 484
67 576
818 184
968 277
343 759
839 530
485 205
609 5
927 127
568 798
384 277
461 985
922 285
11 339
106 408
617 812
285 348
638 122
175 984
271 665
54 27
997 985
284 532
820 582
416 388
396 938
471 486
50 122
755 43
918 547
503 692
567 547
219 486
147 133
609 562
919 995
168 936
48 263
134 141
962 258
551 212
68 528
731 496
824 206
711 868
184 220
996 129
281 922
265 317
255 756
937 371
796 466
464 587
127 34
602 353
485 811
716 217
994 471
761 448
302 270
585 658
329 1000
844 373
916 858
277 724
500 387
136 268
1000 587
469 368
620 132
922 778
857 718
32 988
198 73
457 65
356 234
77 890
743 295
410 73
545 658
487 101
991 533
315 220
766 751
966 509
767 50
70 294
606 884
510 41
10 565
193 873
491 908
681 748
132 992
495 844
784 227
59 945
116 134
558 469
745 306
46 681
931 229
936 589
591 151
722 34
171 296
524 364
842 667
590 981
771 669
918 604
280 160
752 944
412 59
842 746
29 940
447 109
893 173
751 51
440 405
777 826
601 734
157 8
485 395
217 805
750 505
473 339
175 564
833 499
885 938
869 277
798 787
303 403
782 846
234 796
364 739
94 524
332 385
351 487
479 50
501 534
172 730
302 729
565 93
714 697
342 238
956 622
204 203
42 250
170 439
279 197
892 312
235 743
454 500
326 306
174 646
342 968
308 712
146 223
735 35
62 475
959 555
874 837
781 311
506 417
30 885
883 945
330 19
900 411
288 978
614 771
170 632
27 17
959 696
853 421
487 171
325 796
752 56
127 128
479 423
463 130
671 617
853 278
258 824
990 145
424 360
779 568
581 380
145 712
909 538
541 810
628 503
361 362
982 836
145 601
81 603
776 709
63 735
746 863
124 991
768 597
163 13
491 616
577 951
439 200
278 718
31 2
333 214
408 211
337 147
727 394
859 818
346 355
435 974
845 891
383 908
811 951
404 7
851 470
837 727
586 553
879 428
256 54
263 157
522 305
794 570
65 698
707 247
910 952
124 387
336 823
976 788
793 450
446 248
998 389
11 397
485 350
164 905
937 655
781 774
267 628
587 635
915 192
954 179
739 900
977 783
819 824
416 25
364 711
181 791
764 614
99 434
924 161
295 191
26 763
647 943
672 185
913 321
236 152
695 240
340 142
514 711
677 265
458 977
517 464
889 835
424 417
5 652
706 267
354 212
63 863
710 451
322 512
714 782
573 788
429 961
321 728
982 535
698 113
625 298
53 769
5 942
373 228
306 159
897 512
455 514
97 226
758 249
840 598
606 957
775 688
968 599
634 298
303 559
572 996
274 867
573 413
762 470
66 541
638 381
985 222
719 996
300 118
763 992
768 672
197 778
915 691
111 852
593 817
693 618
56 609
955 291
557 171
318 737
907 388
357 69
713 501
552 565
76 435
599 825
423 94
336 448
501 906
859 60
954 856
815 793
707 96
786 625
623 60
293 527
789 650
154 69
405 657
856 981
375 135
758 163
237 162
720 132
39 492
501 605
68 588
824 438
111 494
954 636
498 929
19 241
810 44
510 688
132 48
66 812
268 560
584 945
288 222
364 969
973 545
338 684
255 305
539 260
904 903
527 627
463 804
97 5
300 647
961 859
951 263
363 33
897 500
921 501
648 283
936 228
335 399
102 398
781 33
32 544
732 561
715 662
823 490
438 908
482 576
36 91
123 862
884 795
203 864
82 237
118 727
451 416
567 790
996 716
832 869
150 199
129 469
420 770
717 129
178 283
157 511
72 9
851 398
724 640
393 810
136 854
682 608
9 282
689 360
52 408
548 549
362 592
589 143
403 238
521 439
774 35
546 66
554 683
768 200
454 751
91 803
740 156
561 519
907 543
213 380
569 12
555 33
469 115
701 397
342 195
396 309
222 373
919 561
939 287
775 796
507 881
933 885
807 796
285 821
630 385
591 901
541 144
291 653
511 814
645 210
848 994
999 581
772 235
938 767
278 372
260 775
923 65
819 16
129 355
490 742
970 172
678 245
594 752
80 666
373 43
891 674
729 259
452 702
948 603
382 827
109 545
973 94
115 668
386 92
44 608
763 620
822 915
533 740
734 191
603 729
948 889
932 70
182 365
20 632
314 797
499 283
112 761
344 424
862 658
794 402
984 572
508 458
556 376
172 113
653 510
233 101
675 26
896 349
881 817
348 338
870 491
375 523
730 566
107 989
974 437
480 585
970 182
234 488
823 848
818 752
702 515
962 500
871 612
398 352
419 647
848 499
423 745
958 888
190 198
691 863
105 494
658 9
900 497
204 934
483 169
66 451
603 232
610 644
534 894
901 41
460 207
616 13
856 572
910 281
507 172
825 263
260 54
247 166
565 205
436 279
810 228
528 957
228 871
469 329
757 998
223 432
947 50
307 403
53 699
700 330
402 389
304 699
321 755
800 898
101 804
557 225
857 850
788 385
715 284
588 742
774 867
116 295
499 729
905 708
466 498
517 339
325 61
457 205
226 586
97 54
136 918
189 652
107 381
839 580
399 843
400 795
718 431
277 171
745 499
871 119
712 708
585 90
876 463
969 251
163 12
571 155
702 995
138 370
728 622
582 377
396 702
56 727
295 392
152 170
81 772
555 448
637 263
314 130
153 256
927 852
984 822
586 598
519 14
773 399
811 852
526 713
38 935
367 857
830 323
6 385
464 456
394 495
143 40
186 747
920 875
6 272
594 284
825 970
360 792
967 879
803 918
626 47
912 858
783 105
622 963
803 871
41 268
907 697
71 88
611 447
887 474
209 285
565 338
201 711
532 525
498 751
482 232
890 221
374 442
588 804
438 647
886 1
154 326
835 837
577 398
839 778
625 442
255 195
754 798
741 776
257 777
434 824
272 163
699 268
240 759
885 233
150 235
370 525
427 606
390 358
248 81
429 388
844 992
4 837
964 413
856 927
449 811
405 412
914 931
976 580
206 121
67 277
125 119
676 889
385 256
594 30
243 244
31 263
234 401
55 669
96 466
857 603
146 702
826 172
839 543
423 46
67 192
765 425
894 535
532 126
868 950
191 163
323 507
417 537
74 959
646 157
286 830
764 86
587 759
4 981
284 101
850 335
539 505
761 697
431 103
40 912
661 786
296 314
648 175
573 712
445 391
212 374
279 579
786 69
678 127
611 40
973 689
633 736
748 247
37 222
368 235
630 247
959 755
710 191
508 995
161 786
553 112
383 45
297 434
413 164
139 403
618 804
971 185
808 66
809 303
774 811
317 512
980 192
875 26
790 65
500 109
373 281
799 285
710 1000
270 997
733 9
680 171
88 780
75 675
331 829
743 661
190 879
914 884
438 94
776 877
999 347
585 483
346 425
348 335
595 182
708 511
694 190
419 396
557 142
560 190
9 392
835 573
994 847
775 232
335 657
487 890
129 912
739 737
835 18
833 947
566 134
163 657
437 466
353 585
116 663
537 61
967 934
270 242
471 695
66 952
235 620
731 355
90 409
471 548
313 446
27 376
725 257
972 222
421 160
39 753
721 474
649 133
246 415
543 801
268 725
530 128
402 271
759 215
706 449
84 349
804 630
531 278
183 539
956 793
244 539
924 319
818 790
297 244
268 315
35 512
161 845
861 916
974 685
475 630
504 823
892 730
731 860
903 544
971 711
266 679
692 545
398 684
300 906
562 117
836 596
639 97
513 114
310 343
72 840
344 749
533 965
317 831
107 702
495 191
595 229
494 963
409 800
428 4
818 444
233 100
234 311
508 314
82 798
37 872
547 872
614 18
872 589
101 165
428 155
141 826
845 806
77 188
206 800
445 696
564 690
727 198
927 768
237 950
648 717
933 724
237 839
555 366
902 209
818 954
780 709
817 161
551 250
111 660
919 886
910 367
130 805
954 627
702 205
151 601
910 286
126 931
473 115
146 59
186 840
540 879
670 510
213 113
344 448
821 882
608 527
743 641
123 364
179 46
697 685
792 663
239 739
152 333
17 72
768 223
846 935
843 565
465 894
834 385
545 594
89 334
793 584
41 211
619 810
241 155
468 246
679 696
738 212
369 339
776 489
154 5
652 260
636 763
486 952
576 22
6 649
44 468
5 874
335 247
230 981
2 992
311 110
244 51
979 960
409 585
768 599
641 735
35 120
328 206
419 153
406 545
90 584
555 654
2 770
556 349
208 499
580 363
46 715
203 303
408 510
954 96
722 4
7 164
440 239
305 460
569 655
192 341
682 662
76 393
10 107
215 54
437 104
647 485
581 609
251 770
358 986
324 734
643 942
989 732
721 102
795 763
116 600
707 23
835 234
12 819
807 112
440 34
406 971
371 522
432 646
53 218
492 270
682 234
773 49
812 601
299 694
270 85
244 105
875 866
354 218
711 250
664 606
973 571
373 863
28 142
212 339
433 602
786 94
912 691
922 686
890 218
818 847
13 175
839 231
57 731
39 927
614 813
631 833
785 47
895 220
142 476
678 306
663 202
666 730
984 517
210 686
176 610
853 296
896 811
680 914
398 757
535 12
41 856
356 563
887 537
546 807
585 795
987 667
323 804
900 558
944 758
839 555
366 695
718 392
899 366
331 784
560 550
248 82
546 521
324 239
401 104
951 2
603 585
659 843
986 659
979 826
798 258
656 375
283 771
146 925
368 789
958 580
405 844
137 552
137 776
121 663
340 887
58 160
59 729
885 733
464 151
312 299
189 763
299 103
138 171
102 616
90 96
753 480
75 601
960 774
806 770
869 474
413 154
990 614
864 566
591 653
703 71
482 329
265 437
161 356
338 904
869 700
542 338
891 92
428 822
506 863
53 431
420 614
263 900
344 440
721 161
455 412
863 35
313 643
80 402
833 116
492 862
545 824
415 562
456 929
689 582
500 426
100 556
178 146
515 785
766 811
717 683
921 586
938 680
23 30
645 173
286 692
92 739
80 754
183 724
574 415
658 938
400 70
587 46
760 444
596 34
376 453
33 868
214 708
844 784
131 839
290 50
98 686
7 296
905 876
248 409
714 484
898 255
735 590
46 289
910 911
295 450
41 743
888 62
323 781
271 629
498 349
615 266
784 408
197 637
517 670
646 818
794 705
9 399
727 317
295 919
343 52
234 519
944 173
698 406
937 692
845 99
815 831
63 58
324 534
364 619
60 812
668 595
502 761
963 889
105 385
441 647
359 12
318 223
963 774
563 950
869 720
319 755
365 369
114 691
117 752
616 305
790 695
493 606
648 475
936 4
438 588
938 652
633 876
779 896
301 316
327 338
487 17
1 512
737 798
741 209
301 333
728 967
875 104
896 787
708 946
819 673
433 46
36 157
93 17
979 39
871 77
205 659
686 162
889 790
128 858
665 101
24 283
775 920
23 599
34 140
876 651
846 471
427 839
135 398
203 668
404 477
535 176
396 841
594 374
933 985
125 768
650 55
834 824
637 165
855 210
323 293
971 497
738 473
314 741
423 838
890 515
418 829
412 245
214 73
930 374
371 554
327 490
511 537
848 19
501 531
156 242
618 933
86 119
605 925
416 111
740 400
743 819
48 858
32 63
640 702
770 741
237 394
353 848
762 795
122 186
235 873
586 773
221 694
995 947
887 353
528 92
13 138
638 139
992 667
717 738
499 957
37 715
908 953
648 262
933 474
807 973
974 654
10 867
417 867
804 329
92 683
112 297
790 300
277 471
558 824
980 138
302 122
613 681
892 878
568 524
71 587
843 434
168 378
206 470
631 563
62 794
598 696
430 798
966 316
954 412
934 734
941 64
893 665
250 653
491 621
121 408
162 362
384 208
457 958
561 48
675 56
713 333
590 901
557 68
685 911
121 512
194 938
231 581
537 168
24 21
432 970
877 568
152 505
996 218
15 334
660 17
517 904
832 529
462 581
47 601
566 335
551 153
799 813
575 23
632 567
891 194
638 589
553 973
443 471
890 406
708 539
937 319
921 930
947 708
900 472
265 378
443 531
958 342
317 54
782 32
473 872
97 916
406 372
952 453
304 714
502 237
231 481
531 337
904 893
430 756
47 499
178 126
326 589
39 879
79 770
373 225
690 229
585 610
92 655
336 857
477 385
687 176
301 405
33 863
948 652
19 880
426 870
616 852
110 301
549 256
36 213
331 787
318 827
101 393
852 343
980 396
799 200
798 245
344 678
607 687
663 649
79 326
483 841
121 436
999 305
177 506
163 187
36 395
722 86
851 262
928 825
706 738
710 575
876 723
627 239
404 38
870 433
926 487
381 348
988 804
719 692
579 257
211 901
105 138
108 863
328 679
129 906
973 9
42 381
655 44
275 17
572 223
17 570
473 392
113 913
795 631
229 791
778 363
412 61
109 101
790 846
748 956
271 283
934 489
661 687
424 354
575 489
501 380
691 292
393 425
178 945
434 263
821 937
554 20
402 297
333 895
373 818
465 528
545 831
30 801
255 306
40 801
792 720
649 841
709 317
577 498
461 622
856 159
344 215
771 442
700 268
347 427
61 198
608 673
762 53
590 277
69 331
967 294
18 763
188 207
689 630
163 283
286 619
409 191
657 353
434 730
546 703
297 594
398 463
508 562
842 318
554 650
116 749
405 738
689 161
630 755
28 885
803 169
399 562
514 243
166 975
758 533
90 513
947 591
806 971
451 503
555 713
756 126
940 901
613 520
414 100
197 636
682 732
2 634
30 20
858 445
610 687
773 436
133 789
261 352
564 591
600 768
485 258
582 752
363 902
16 721
237 865
474 53
81 509
252 98
255 781
73 785
919 876
976 110
595 756
713 833
481 945
389 238
565 69
535 941
262 519
786 133
273 990
517 115
344 721
977 630
302 419
92 819
518 615
297 97
596 387
902 710
924 394
504 603
714 762
749 411
731 944
201 669
882 572
694 572
830 804
190 583
912 465
877 503
69 720
388 506
577 949
288 586
889 74
763 609
585 833
754 260
595 280
412 959
83 221
486 42
803 244
932 464
715 544
920 440
980 452
374 991
505 540
655 355
344 670
509 124
456 120
441 260
309 261
628 101
96 190
875 690
427 838
961 89
263 212
711 942
767 626
203 671
992 376
91 323
484 140
700 766
751 206
219 425
369 324
223 609
852 979
393 980
772 74
485 294
33 429
142 761
347 269
369 469
290 1
997 219
545 458
85 497
765 367
358 911
12 507
53 83
219 375
534 898
795 654
81 362
467 817
907 572
734 105
873 405
977 944
456 932
997 445
830 206
311 785
493 910
938 45
207 672
706 1
528 801
382 670
398 163
971 175
75 114
187 924
389 996
854 248
269 142
454 138
222 118
390 875
351 790
305 634
13 137
252 953
75 848
631 895
743 609
636 535
805 14
532 842
383 22
793 590
478 318
365 610
911 417
601 297
487 52
288 598
418 541
201 923
202 420
316 444
327 606
391 306
736 511
277 327
405 370
957 677
789 965
118 739
11 743
268 142
514 210
997 601
67 540
49 57
876 458
849 594
980 472
571 13
521 578
741 725
236 465
176 268
50 564
474 344
497 871
258 553
300 601
985 844
562 847
569 653
439 539
138 34
270 543
419 727
919 950
189 725
206 685
279 199
513 967
77 896
632 457
328 618
941 1000
720 302
907 600
268 810
964 543
696 981
694 672
144 202
517 169
316 574
468 737
623 363
882 787
351 84
43 687
653 554
798 557
18 99
446 172
630 460
977 702
467 408
909 273
917 620
958 294
796 133
172 914
468 198
899 148
717 645
666 681
943 199
16 366
771 494
554 994
538 495
818 943
467 103
207 737
104 777
897 516
809 304
975 129
841 231
914 621
455 911
296 812
633 5
28 739
748 338
989 88
183 1
686 104
796 760
395 116
563 671
582 201
518 515
932 488
770 479
665 179
719 992
797 950
618 245
825 565
539 685
490 29
21 56
385 722
784 446
767 933
807 466
148 189
612 634
688 90
323 49
395 364
238 316
241 488
132 234
120 475
638 829
786 730
306 912
842 814
916 41
310 968
648 647
869 119
450 199
677 772
223 462
975 895
742 606
835 200
787 429
644 482
929 590
720 120
739 932
766 361
152 756
997 356
449 438
307 784
337 631
38 160
720 23
848 220
243 674
445 162
670 421
218 492
40 516
921 957
319 558
644 151
631 1
523 786
709 951
835 516
473 843
16 315
469 511
697 596
790 395
972 490
611 186
424 16
740 542
944 807
583 337
126 260
695 36
98 317
167 394
286 596
220 200
993 72
991 589
704 133
944 660
652 93
637 633
140 905
590 689
554 651
98 543
651 287
971 435
49 209
490 213
954 196
824 730
449 820
232 420
747 263
529 584
876 673
968 285
989 350
651 253
286 16
968 71
200 941
189 827
211 563
233 943
252 157
436 852
495 491
461 135
64 863
980 869
638 857
731 41
732 262
57 10
440 510
632 944
404 281
578 700
964 433
699 765
593 89
815 686
602 217
379 96
363 679
713 832
467 645
863 68
180 230
915 109
687 721
104 344
506 468
986 858
934 10
847 799
385 975
173 700
908 689
217 136
57 567
791 740
723 658
853 27
532 728
217 313
116 846
628 797
934 244
368 187
757 959
259 60
515 783
936 472
576 879
829 115
429 773
395 957
639 268
841 349
624 91
507 689
938 541
517 343
931 684
66 566
50 860
110 788
789 455
723 191
816 491
554 806
875 904
876 487
608 781
419 254
443 228
157 558
304 174
712 827
614 766
435 840
737 216
280 903
633 287
465 509
414 54
456 200
423 316
707 881
154 531
625 288
881 902
312 391
202 115
594 485
261 306
603 337
259 785
208 199
616 492
320 769
925 252
232 205
964 262
968 833
674 50
772 593
209 291
716 310
128 311
882 10
576 129
80 16
220 575
273 671
200 649
8 476
730 25
269 427
146 54
645 16
683 229
242 399
80 318
263 953
752 448
75 117
458 375
540 921
657 851
469 341
161 524
773 265
611 20
829 437
443 614
246 105
606 281
627 862
973 886
763 302
430 467
123 591
749 271
349 76
24 782
374 380
325 168
201 922
97 217
515 9
473 718
202 308
409 118
339 245
213 660
88 544
879 189
664 764
183 60
281 408
799 214
968 338
841 36
469 851
6 942
64 731
139 11
56 731
552 288
275 571
684 293
94 538
345 643
881 977
76 565
292 586
367 22
582 543
569 652
202 859
920 34
741 438
516 633
638 614
873 6
436 780
368 970
650 70
778 19
672 626
945 514
957 149
994 997
250 610
189 581
371 670
798 993
892 4
289 151
199 364
555 220
77 784
985 271
983 300
440 148
612 106
118 503
320 442
695 777
169 843
939 347
632 791
743 849
982 479
271 438
5 358
887 120
654 109
382 522
192 898
355 334
217 369
787 957
4 305
353 369
117 456
390 798
887 756
691 25
931 518
24 874
301 258
49 745
748 429
490 333
457 28
633 923
451 570
287 919
917 697
685 301
667 814
279 444
72 820
99 94
828 347
767 838
509 178
202 522
295 475
996 676
483 843
524 211
67 648
763 999
880 697
573 634
977 273
81 868
216 162
820 761
210 160
107 520
695 139
686 442
689 502
766 228
972 611
846 188
185 771
775 128
85 598
453 846
238 428
370 92
798 946
696 660
953 43
521 495
406 891
389 103
251 912
414 970
364 657
76 29
242 245
631 333
618 616
468 663
12 929
109 99
256 595
789 631
962 77
545 211
827 502
749 147
622 995
803 775
900 448
830 44
959 904
144 611
261 902
536 282
354 108
373 816
446 676
69 535
584 773
549 988
416 887
680 708
808 409
438 756
244 515
779 776
463 803
856 444
31 623
342 612
19 579
350 403
562 363
155 131
973 911
135 594
249 973
408 840
316 81
257 960
458 786
361 660
322 946
258 426
943 52
922 811
125 324
254 998
625 644
366 598
700 178
569 265
137 916
524 96
874 237
542 158
180 798
70 478
499 32
519 64
998 58
525 650
283 803
881 776
257 396
774 363
79 469
386 899
225 609
120 393
963 207
267 836
698 32
555 489
81 98
48 373
266 436
659 439
552 933
369 303
521 442
284 304
871 716
949 2
661 382
6 459
958 208
944 958
467 791
657 699
312 32
103 951
525 207
720 101
855 809
843 865
705 832
852 529
228 299
375 388
948 236
87 624
695 881
554 103
186 803
540 950
777 476
674 588
805 310
143 691
570 653
330 918
347 796
41 473
9 163
598 215
503 401
627 837
204 530
79 678
924 491
563 237
982 737
936 473
993 280
939 734
889 479
519 430
231 184
658 890
52 541
37 335
169 351
73 94
585 839
783 662
900 594
870 928
214 964
767 56
128 575
41 550
261 893
969 194
845 707
2 907
955 19
560 993
776 702
137 944
29 610
102 24
598 893
512 580
642 219
609 404
701 636
353 726
733 504
799 19
769 196
932 688
502 115
392 593
355 981
496 339
889 742
747 512
470 873
237 946
755 13
703 853
464 82
337 996
247 377
319 92
121 829
677 842
437 385
831 241
946 861
319 941
952 310
699 579
521 295
229 944
181 829
220 853
469 982
406 914
668 289
262 598
621 511
307 843
117 544
796 413
268 614
251 166
17 290
164 599
790 743
369 791
665 270
886 796
193 225
484 544
811 225
114 549
710 473
142 68
442 691
529 432
852 890
598 354
545 598
515 874
398 626
406 73
444 244
266 756
140 157
969 307
663 19
309 658
509 331
697 877
844 964
993 6
55 434
656 210
123 797
311 106
893 825
383 596
242 552
775 872
44 246
104 537
91 309
577 914
561 53
300 31
907 1
620 592
452 226
309 359
475 3
93 752
372 275
525 547
964 69
984 827
869 635
845 198
846 161
557 210
135 380
138 32
416 450
270 541
337 8
627 50
802 846
259 780
3 918
360 127
756 709
744 133
982 131
509 902
638 737
864 200
750 415
716 347
356 346
547 563
108 683
77 736
761 823
812 597
394 714
658 367
161 717
329 675
38 697
477 619
169 842
27 292
981 939
393 434
274 503
259 345
961 87
614 886
288 295
571 784
685 990
991 407
587 10
112 106
203 261
353 368
463 255
212 61
196 986
434 979
752 90
273 343
294 559
813 597
433 137
456 758
885 67
580 759
833 797
123 840
269 884
625 526
699 259
274 970
724 182
345 576
867 678
997 635
407 603
999 477
620 918
548 75
850 814
405 118
618 243
376 250
62 616
177 328
958 914
38 651
755 935
148 191
189 789
371 942
659 557
493 383
811 806
889 670
910 926
270 505
885 893
60 917
258 813
506 621
954 725
518 50
744 225
289 178
75 321
170 87
479 227
407 390
100 148
1000 410
928 343
358 804
911 22
949 463
915 83
121 29
561 767
781 518
363 158
913 406
270 53
329 607
939 326
247 869
396 59
52 885
843 930
459 861
406 676
501 234
342 522
951 920
202 137
219 693
451 874
714 812
402 454
277 554
539 139
463 211
709 700
930 976
553 123
149 608
921 511
4 421
579 18
845 405
732 527
183 833
471 698
568 967
552 76
576 82
595 494
98 682
137 778
500 44
799 280
432 506
654 565
694 486
415 3
845 586
93 997
386 263
131 363
870 231
196 498
681 522
410 560
68 52
417 340
326 644
609 504
10 205
68 91
548 333
436 679
475 75
777 549
669 463
46 630
147 285
132 591
777 950
650 396
464 119
345 404
966 854
777 775
389 457
137 416
380 170
418 459
972 870
705 549
872 18
858 77
113 946
997 390
526 932
998 673
801 251
398 91
200 766
298 151
701 738
528 3
649 49
731 663
604 671
442 954
498 590
319 588
13 785
144 576
420 789
722 961
134 851
835 738
138 566
433 614
145 981
400 361
80 513
283 420
352 641
98 509
121 68
302 243
931 705
697 999
645 527
252 950
979 186
588 95
106 178
508 738
862 261
864 101
358 100
501 343
367 402
114 722
6 960
210 39
410 485
728 664
177 438
234 161
181 422
738 625
558 476
63 949
141 676
832 613
543 25
909 735
822 64
402 631
664 862
82 271
689 317
673 912
33 305
682 590
510 639
665 308
738 728
851 545
530 830
263 503
932 998
294 267
704 845
209 289
726 270
565 900
158 362
397 530
34 844
915 173
755 298
39 477
995 507
319 829
837 816
159 836
989 917
754 479
997 442
48 975
844 35
986 628
459 7
317 445
230 838
584 608
307 251
751 764
499 867
621 32
606 396
643 386
695 965
306 873
62 450
415 758
397 39
715 52
58 785
633 675
740 577
175 951
909 460
396 225
750 741
161 876
619 954
706 704
490 343
550 337
205 960
575 998
49 348
782 644
348 968
3 319
421 532
710 159
525 414
46 927
468 465
89 924
864 278
295 672
940 667
119 956
727 701
728 709
233 297
567 852
332 803
666 135
150 284
279 632
124 389
984 542
126 108
329 195
570 347
842 452
606 629
901 913
224 915
503 705
336 701
620 593
414 16
841 772
436 744
154 731
275 682
148 164
79 396
765 189
916 46
336 475
210 444
449 540
931 727
323 231
253 378
513 912
367 246
298 811
725 896
518 836
47 756
319 115
90 137
57 64
419 681
702 432
960 831
959 35
673 158
322 36
506 697
142 843
697 16
453 906
99 298
461 431
691 558
263 761
341 233
659 204
40 668
76 74
80 141
523 283
981 825
433 883
731 686
993 405
860 842
691 845
691 716
801 284
285 611
574 374
934 80
518 659
579 899
1000 748
654 115
195 906
52 769
625 193
781 340
565 461
714 777
113 390
792 871
139 540
69 339
622 513
899 38
27 867
619 781
361 557
947 306
736 559
383 388
210 826
582 34
362 129
294 151
220 231
662 906
791 210
505 767
507 404
292 827
975 486
598 843
624 466
128 919
185 618
771 943
3 569
483 845
724 917
854 844
728 592
168 519
758 700
707 954
232 474
513 149
309 378
349 504
590 997
992 436
556 205
962 532
285 481
103 606
56 983
367 165
371 862
209 79
742 883
245 825
798 33
86 759
290 264
938 138
993 719
812 389
461 369
485 379
812 276
601 543
158 418
877 826
74 953
492 472
951 564
755 482
2 549
796 288
122 941
947 692
951 479
713 826
683 158
99 471
434 413
195 584
342 809
143 296
934 493
493 851
42 189
613 674
463 527
88 787
200 929
189 43
687 796
821 550
165 2
445 498
446 565
947 112
508 906
783 414
900 346
648 435
726 732
748 124
342 725
396 670
990 193
683 747
942 420
641 975
974 629
597 722
11 723
512 860
106 863
896 699
624 272
166 737
595 497
137 777
923 422
273 938
505 667
180 873
235 270
591 101
663 312
558 86
441 492
443 330
670 538
907 251
158 947
309 301
974 49
232 310
30 137
33 699
309 350
560 180
467 396
893 16
416 412
133 57
879 493
721 903
854 677
992 498
622 321
181 5
132 479
423 200
264 687
121 912
712 301
548 691
807 166
720 200
756 574
705 548
227 489
700 889
241 68
521 154
830 492
66 105
98 176
143 704
895 718
677 519
984 108
347 624
350 817
354 38
133 213
616 167
673 416
992 332
251 156
416 951
688 778
218 463
181 761
184 339
166 103
226 978
317 9
928 82
19 387
772 67
249 284
213 185
622 735
878 581
130 671
847 574
867 212
631 919
463 769
356 855
965 719
291 912
588 874
358 657
809 42
266 734
876 173
217 472
591 486
120 781
139 437
788 814
182 501
843 397
936 505
575 850
135 961
78 812
239 118
611 518
928 766
797 857
210 917
407 557
582 133
90 719
699 443
112 639
312 366
975 478
82 91
559 671
563 728
582 276
570 324
805 571
898 335
814 843
766 64
498 378
262 121
130 486
361 178
768 798
896 195
665 394
629 704
101 48
102 715
17 843
390 956
86 831
158 216
415 316
350 608
186 641
975 899
671 410
181 906
113 972
624 673
939 82
815 591
691 981
108 577
518 125
790 923
99 414
919 523
753 141
311 877
332 198
833 277
817 924
342 849
570 572
420 955
388 409
557 336
531 203
833 55
227 256
360 767
754 531
459 757
26 304
407 909
853 429
958 48
942 407
611 247
813 623
425 694
30 398
50 29
822 967
624 122
272 47
844 631
73 65
46 17
150 42
181 992
676 136
178 264
918 52
41 512
28 690
746 839
943 611
750 775
987 595
861 438
104 539
505 572
896 385
642 189
755 860
43 424
29 757
395 503
800 645
337 165
149 676
358 48
264 521
105 145
380 13
492 727
833 367
699 899
350 717
228 169
138 177
10 568
450 255
808 981
616 915
533 264
483 381
251 905
161 481
908 783
863 646
117 992
613 939
865 113
221 834
960 990
235 554
198 434
74 612
425 214
522 716
291 844
484 631
657 931
51 172
164 629
381 985
700 519
764 57
389 964
308 404
844 294
450 879
771 958
622 663
518 946
478 143
170 580
597 987
726 689
362 492
880 594
880 97
112 251
538 491
187 267
538 146
667 5
207 196
889 405
5 18
681 481
271 544
422 201
980 171
984 302
602 869
987 657
202 343
22 42
776 538
889 247
57 986
339 146
396 379
580 407
62 906
742 13
249 517
283 856
896 365
474 649
168 520
371 3
188 731
64 937
105 83
128 182
864 128
737 374
591 343
501 993
64 984
401 739
172 854
431 955
106 678
345 446
775 970
971 7
517 582
224 525
632 378
363 814
381 441
128 323
555 172
544 603
798 960
734 962
644 494
501 549
386 108
899 568
845 300
122 797
375 445
711 327
455 5
352 810
792 567
957 889
193 62
708 651
657 911
216 201
145 908
363 362
45 351
539 367
80 392
729 13
692 135
820 380
14 431
524 664
274 360
39 552
79 719
155 23
283 474
201 885
19 580
496 311
667 112
541 599
356 771
529 119
658 789
31 593
625 462
473 617
852 35
883 61
567 584
969 457
523 947
900 633
415 124
585 538
461 750
872 811
463 352
324 186
732 815
291 51
418 892
210 65
799 171
147 446
840 894
847 191
315 262
444 738
671 109
799 56
605 418
363 563
220 409
902 307
79 470
530 898
72 384
401 830
688 122
234 508
981 606
955 521
198 830
181 4
24 193
208 110
561 942
493 131
789 694
204 506
132 367
263 691
843 661
916 303
61 331
796 261
100 138
427 426
968 662
44 98
610 619
259 757
587 281
787 171
529 249
792 531
635 983
304 937
951 977
808 489
60 366
351 825
212 401
144 977
221 733
882 569
217 430
291 915
466 462
576 867
887 697
67 888
856 19
639 264
912 169
984 300
79 961
411 395
861 143
74 195
37 509
899 398
408 435
540 484
942 48
802 735
326 879
107 393
509 277
280 749
832 810
944 692
304 211
124 972
622 153
278 827
788 897
335 830
339 315
845 222
457 900
186 74
135 119
567 16
314 246
483 533
655 765
31 311
253 483
147 458
560 81
600 882
415 47
901 750
940 132
211 832
603 450
790 251
405 608
94 476
392 257
391 589
34 842
864 517
42 449
426 32
834 933
172 572
854 416
358 787
307 991
489 960
237 98
700 798
761 792
942 839
948 960
381 361
317 443
448 310
249 643
165 231
97 529
298 280
869 591
670 624
986 941
273 78
471 807
523 862
318 588
909 377
89 294
877 325
323 667
31 544
201 781
709 855
5 945
47 330
516 964
644 792
616 751
839 943
533 512
382 174
643 64
257 781
476 183
723 238
905 861
410 293
853 639
512 773
905 942
75 415
566 745
229 381
223 908
993 229
813 50
7 511
284 768
623 488
521 827
258 691
651 168
671 37
929 462
660 330
481 725
132 739
371 983
963 251
582 531
140 514
440 348
516 933
946 328
281 620
15 573
553 40
751 233
613 200
945 518
103 794
363 837
971 514
642 766
129 977
650 213
360 241
803 561
109 490
733 720
752 362
617 303
360 768
420 762
863 278
151 634
70 856
190 667
990 687
937 289
593 327
756 789
649 117
78 825
905 195
744 821
499 728
218 388
113 346
313 616
479 319
227 430
100 928
283 64
946 384
875 490
866 155
184 507
334 941
705 47
78 987
652 626
949 688
791 921
39 916
5 516
601 415
620 461
18 657
662 686
314 520
918 613
606 228
46 195
545 736
583 360
732 550
988 472
386 28
631 636
62 681
67 961
603 819
458 124
790 189
622 580
617 627
121 348
948 825
857 815
775 824
893 695
875 852
648 735
366 553
93 783
495 143
402 583
546 627
504 306
927 18
175 857
237 708
680 469
510 328
458 860
90 934
534 259
721 776
738 678
116 886
100 339
323 52
840 106
473 537
932 602
439 634
315 584
266 412
313 90
945 444
224 526
43 194
228 78
398 288
545 501
692 332
661 471
114 420
589 965
479 236
959 214
912 815
347 534
609 895
960 571
834 28
467 605
325 647
731 652
793 704
971 157
810 21
39 709
846 751
928 72
912 717
568 31
914 119
810 164
334 798
688 372
95 195
687 911
501 152
468 87
382 949
133 391
100 5
984 493
639 279
867 75
957 262
430 126
790 238
810 760
278 50
213 743
664 649
607 491
610 349
227 791
211 506
913 642
438 167
225 298
278 796
102 112
582 302
324 202
434 566
495 163
280 944
230 480
975 68
346 433
420 681
497 571
868 542
98 890
824 668
841 706
898 395
742 130
300 369
747 536
16 696
91 28
935 265
172 827
531 644
220 559
42 347
738 940
885 811
618 662
845 493
811 37
388 242
924 988
199 304
651 550
42 125
842 340
854 500
920 730
599 288
765 536
397 350
997 499
223 92
887 485
959 936
288 243
986 982
751 586
812 534
576 582
133 501
446 580
505 136
325 925
625 143
900 425
169 417
44 827
265 301
358 498
607 152
259 176
978 584
904 866
726 766
840 697
359 451
641 364
40 33
629 882
131 906
403 881
969 484
831 970
98 730
406 131
174 159
73 8
718 600
205 357
277 158
261 889
338 92
157 696
837 54
430 884
927 7
521 909
221 623
250 739
397 398
375 661
428 252
600 597
308 287
31 417
966 516
366 848
202 977
650 333
615 295
341 670
859 849
381 173
241 474
276 47
439 525
775 183
673 917
690 973
307 659
579 479
835 105
635 452
436 932
521 474
66 425
30 276
860 579
309 195
521 299
7 636
356 162
29 196
111 440
648 930
314 136
456 933
869 364
686 946
69 824
235 576
566 388
238 821
574 947
226 773
189 143
304 967
606 480
950 918
166 129
619 631
838 663
420 820
630 277
577 159
863 155
878 615
937 119
518 980
526 451
286 868
801 704
537 938
281 760
154 410
248 497
447 819
732 579
559 494
62 690
690 75
139 467
377 188
982 995
931 847
35 258
766 978
893 58
408 400
185 192
230 483
231 958
897 732
516 610
511 414
851 21
11 874
49 51
345 996
89 786
334 380
291 458
609 91
831 716
44 242
101 495
854 807
362 505
28 955
250 775
182 96
993 853
977 296
261 639
667 532
617 833
666 849
215 232
436 747
275 687
168 701
833 873
617 978
393 792
450 475
233 985
140 515
824 596
86 108
380 37
419 588
472 318
354 831
851 593
569 256
152 448
390 945
15 343
179 939
772 562
648 608
96 557
462 588
181 31
345 322
424 623
556 808
307 826
215 669
952 69
294 20
276 519
542 382
817 813
968 687
18 202
910 539
458 261
869 529
182 908
715 247
218 389
511 792
916 966
635 60
943 495
782 186
147 752
520 118
630 369
531 342
643 368
112 110
865 416
402 478
830 998
995 465
946 227
217 485
861 980
37 178
735 815
874 332
478 284
193 412
307 908
624 152
678 389
239 721
690 111
68 431
625 535
658 977
615 179
292 215
594 979
144 486
823 190
645 870
814 935
763 781
34 493
847 165
295 203
11 999
504 307
603 577
823 92
257 443
521 854
392 670
500 679
780 817
936 527
890 910
712 86
162 107
203 605
314 286
119 449
449 765
534 610
741 38
228 79
716 740
453 986
403 77
646 251
189 612
355 836
462 936
855 147
142 810
380 241
899 685
761 870
579 181
601 909
511 734
958 27
398 50
907 971
877 89
512 900
146 123
510 800
155 459
728 439
335 856
251 354
397 394
623 506
91 669
683 945
833 76
407 209
928 212
307 421
840 342
260 789
779 783
892 600
930 893
662 728
347 981
350 404
813 548
904 768
500 289
562 356
692 935
184 758
244 814
615 745
37 750
193 632
691 233
361 526
487 122
662 826
596 42
64 459
638 421
654 398
679 969
791 243
859 569
804 110
163 126
992 134
645 858
25 65
391 22
339 289
76 660
276 310
561 480
580 260
362 789
860 602
612 949
59 799
353 574
600 745
530 896
433 574
246 782
341 618
547 947
342 285
22 535
664 245
223 522
64 853
673 889
713 616
9 145
816 879
670 94
357 321
158 370
487 835
695 569
829 999
426 74
578 890
208 910
781 725
659 728
648 790
464 695
708 602
234 961
863 510
847 997
186 812
467 489
433 521
985 100
179 477
491 287
921 780
806 882
909 339
584 806
568 427
61 289
900 426
79 685
390 840
579 749
691 39
196 911
169 305
830 958
301 308
197 483
14 683
903 539
720 468
961 942
671 527
509 418
477 953
225 107
780 437
563 831
550 523
480 637
662 945
554 710
956 342
741 984
154 200
338 93
932 479
524 392
441 56
332 643
224 28
11 990
267 40
452 100
56 709
280 250
276 458
6 855
482 778
306 737
399 396
382 332
534 345
665 259
20 491
758 763
341 669
289 818
774 219
851 436
210 468
270 522
287 616
241 426
739 695
495 277
650 428
542 214
545 338
800 384
722 273
879 115
76 380
303 823
834 816
66 422
854 311
525 877
482 960
751 949
151 739
483 211
125 634
800 878
251 204
714 684
370 772
97 678
904 156
761 967
484 606
468 827
17 293
623 461
626 483
563 302
191 593
985 64
881 183
937 229
100 541
601 340
736 825
808 342
511 69
630 133
758 462
117 510
335 299
657 119
676 469
714 864
991 556
532 196
980 35
975 171
656 164
932 142
450 127
573 172
78 681
926 932
304 403
36 42
541 831
563 795
71 551
365 947
3 432
707 676
893 484
709 94
131 532
525 380
606 909
79 283
85 858
747 453
107 546
332 901
149 201
812 127
327 473
698 114
423 431
299 229
285 394
660 170
684 208
958 947
764 870
603 32
381 402
219 315
772 563
204 429
854 339
597 586
472 973
184 65
314 987
973 383
891 218
838 839
734 628
208 836
938 121
778 718
289 395
56 490
242 429
364 866
229 689
342 880
143 321
776 114
772 265
601 195
88 938
420 809
496 447
647 516
562 750
389 594
585 599
624 955
537 788
222 228
460 681
702 901
715 421
705 335
597 841
585 945
692 627
876 240
736 547
633 925
763 558
267 261
31 804
145 673
400 416
353 966
675 273
940 999
936 835
993 150
372 289
836 804
598 847
399 550
132 931
822 482
842 484
797 660
538 989
686 333
102 948
676 867
971 885
534 257
28 184
295 422
830 990
81 239
154 597
618 414
226 207
675 173
966 988
613 153
358 620
132 487
190 309
1000 225
223 311
540 539
43 85
831 52
542 441
377 899
86 981
927 737
246 3
860 516
726 165
428 664
384 542
539 578
271 355
365 132
987 181
540 936
401 810
249 411
511 831
23 307
632 936
355 259
84 323
838 732
380 896
914 132
454 213
771 277
147 527
496 475
543 477
706 354
412 761
277 565
739 502
353 151
735 928
209 971
653 954
781 197
731 842
331 632
204 714
740 916
690 129
303 758
219 763
218 986
754 824
740 891
562 71
710 87
508 731
342 512
704 156
23 868
340 728
345 803
931 100
714 380
156 429
689 42
945 896
788 330
93 642
354 898
634 934
379 573
290 70
94 960
727 308
677 975
733 963
630 929
976 824
629 530
315 598
135 323
241 286
885 809
670 95
453 957
973 182
521 269
134 264
545 407
215 727
241 120
223 184
740 22
32 445
296 482
298 144
838 542
612 211
470 370
588 49
937 383
296 369
338 756
691 264
104 494
982 281
847 917
98 148
248 761
908 575
614 787
923 90
501 122
895 782
382 983
40 148
224 465
71 113
49 730
754 717
538 302
991 648
792 978
109 679
19 835
576 4
478 518
863 664
192 285
124 856
22 465
153 102
875 897
70 429
737 96
426 29
336 583
448 597
988 168
473 505
662 144
576 337
499 2
853 811
983 876
241 591
521 877
663 574
632 104
957 861
137 660
196 241
608 209
517 761
276 41
271 886
590 80
916 488
591 558
798 908
674 166
677 709
513 876
164 1000
695 540
613 818
742 537
659 937
233 575
380 314
200 688
990 551
403 298
811 400
540 754
152 563
187 105
725 698
564 248
583 684
808 682
866 480
351 120
678 979
368 496
756 801
523 706
928 114
225 305
865 553
222 126
8 176
305 626
329 424
862 174
956 823
45 624
687 65
726 681
396 158
415 642
747 340
538 403
980 44
362 263
88 267
222 954
26 65
211 455
430 807
951 387
193 51
535 192
81 599
157 666
908 502
287 11
288 955
98 912
625 842
633 339
85 1000
603 615
604 468
823 122
185 962
936 902
3 593
668 953
764 363
841 783
153 269
559 925
348 371
893 99
513 61
392 450
689 348
357 422
893 212
986 310
436 779
982 331
632 354
450 251
731 22
501 245
364 533
25 741
122 547
564 446
324 599
275 109
902 826
839 45
553 564
259 673
367 576
575 111
706 202
392 30
543 973
892 225
454 972
664 889
652 783
123 405
986 797
815 153
809 892
442 895
943 84
635 62
193 199
302 483
583 950
862 251
75 231
682 389
832 314
473 992
389 738
819 85
417 917
587 145
364 270
178 139
60 119
226 363
120 730
743 274
451 658
378 670
107 52
532 997
399 771
664 688
299 260
205 624
900 528
193 700
552 485
404 858
150 322
941 205
23 545
926 306
747 275
489 39
271 539
318 514
375 599
244 997
510 478
202 791
529 646
343 42
681 835
132 593
573 853
171 509
834 599
582 653
531 621
290 730
772 897
702 454
99 623
500 372
29 104
985 594
379 239
273 574
810 599
756 551
333 306
318 94
929 43
416 194
960 104
61 680
942 787
725 641
962 213
981 887
30 765
53 260
130 995
846 579
243 682
982 387
51 287
207 708
792 571
422 202
13 428
559 479
622 298
925 107
433 636
981 425
948 309
52 738
1 784
383 240
296 180
204 997
616 708
607 161
576 795
209 970
763 495
122 477
179 782
198 94
588 722
865 307
356 977
211 161
230 335
835 955
196 587
594 546
193 751
123 241
839 624
625 556
360 221
921 227
760 309
634 338
451 428
641 636
788 629
148 404
167 600
760 164
387 616
390 313
970 707
22 276
297 891
12 474
430 569
920 323
295 325
615 316
488 837
863 774
578 914
858 386
363 992
141 924
368 954
739 669
99 570
280 192
65 638
375 857
765 465
604 849
822 152
518 129
543 726
420 331
489 607
532 37
686 943
797 71
375 127
268 795
198 732
518 419
557 583
464 282
172 747
568 224
513 545
31 678
352 859
441 766
240 344
636 183
398 204
238 911
496 26
613 705
762 781
838 686
291 697
56 274
829 721
705 123
99 212
763 173
235 788
2 431
592 467
420 624
739 388
23 455
745 967
179 715
218 780
645 521
577 323
429 142
766 649
269 805
533 744
519 965
187 420
775 607
983 664
65 865
181 734
609 195
115 902
687 480
340 765
861 429
76 811
970 418
746 45
667 363
11 976
384 206
525 679
106 481
234 314
660 434
976 519
314 242
779 36
85 821
766 212
402 625
607 908
452 427
401 687
937 781
546 11
848 495
830 339
9 179
946 852
820 845
824 264
761 947
680 841
998 756
748 735
285 887
678 758
700 794
111 453
299 327
468 726
643 746
551 461
117 553
687 765
429 669
891 30
85 75
402 215
369 776
758 290
481 694
388 390
948 487
1 815
535 686
627 953
528 568
636 953
288 385
238 645
984 787
247 585
527 939
697 916
832 253
232 921
504 862
896 858
453 107
990 130
295 888
102 322
605 377
862 344
899 494
258 506
723 242
466 121
512 793
770 65
975 607
439 174
723 99
990 36
895 353
258 284
791 426
337 381
500 991
746 979
339 475
33 516
183 218
667 745
163 790
534 379
718 196
612 591
59 857
208 381
25 857
686 422
428 370
285 279
146 575
355 591
266 484
379 194
859 92
863 636
950 785
189 605
889 413
48 643
394 403
940 540
627 345
204 62
441 852
80 244
104 973
669 68
800 797
711 457
270 177
863 274
954 538
739 768
43 777
481 13
156 40
90 292
398 345
647 930
433 710
179 486
877 3
18 644
536 549
297 23
218 563
681 185
679 482
479 187
304 415
565 471
770 993
183 596
81 291
848 565
325 227
507 640
919 868
93 327
573 93
187 270
96 726
443 888
406 108
451 661
879 829
454 280
754 786
170 843
123 833
14 528
718 612
274 965
337 447
852 490
201 12
749 926
220 108
771 772
758 916
528 127
790 180
567 182
456 42
426 654
462 64
543 185
286 146
150 429
323 939
327 979
147 409
665 468
774 278
542 882
745 134
420 714
771 704
96 494
579 267
409 519
232 254
821 136
850 714
686 668
980 953
621 525
56 827
78 702
534 976
494 141
423 179
794 773
483 156
268 880
752 723
91 835
644 491
772 672
490 191
389 240
85 289
748 551
910 306
77 701
902 950
9 933
228 319
191 437
222 352
381 775
147 819
165 828
1000 293
263 887
171 520
456 861
143 679
632 742
830 167
108 59
821 825
350 8
520 753
209 952
982 733
831 707
145 464
805 205
56 234
39 511
698 658
805 862
518 113
766 492
926 994
527 641
396 389
662 936
221 184
758 833
82 222
300 809
338 116
357 936
949 521
396 276
684 711
226 706
875 820
97 557
945 14
555 690
223 960
667 544
943 667
750 947
989 341
993 914
234 342
822 127
971 787
682 706
518 634
589 451
677 973
521 593
772 614
95 585
924 937
617 201
868 691
638 721
897 487
57 130
132 340
78 552
25 732
161 428
931 173
332 403
891 132
787 871
605 910
877 937
958 58
908 731
1000 525
473 829
660 535
759 171
450 336
620 371
752 187
255 472
535 762
464 871
249 151
786 300
459 604
353 177
905 586
731 168
545 563
710 151
568 652
805 225
201 883
174 48
66 713
395 773
110 946
885 708
791 163
996 951
226 387
802 728
965 124
605 133
254 461
419 24
828 420
762 416
745 813
417 559
325 366
698 904
497 761
602 624
728 671
747 333
894 12
987 28
222 649
85 835
266 239
898 504
577 831
392 391
695 203
510 535
21 488
522 271
959 342
586 694
381 282
682 585
573 924
480 565
446 206
708 229
121 965
105 328
622 359
347 263
55 590
531 537
381 636
960 857
977 797
7 632
455 558
205 983
588 369
240 463
238 846
555 120
773 193
208 877
687 527
971 200
330 720
536 859
283 202
954 830
530 329
19 308
4 32
706 390
265 724
484 552
288 275
108 492
456 917
994 397
122 48
947 1
416 695
71 137
256 928
477 850
122 419
89 346
443 863
425 696
819 488
457 111
810 557
776 405
279 290
176 705
231 37
838 87
822 584
225 960
776 612
516 622
791 308
686 90
103 252
196 418
604 295
107 761
475 381
258 285
116 121
776 834
395 412
309 766
736 70
298 609
873 467
251 579
716 398
841 781
400 581
132 744
281 454
357 83
379 487
162 67
589 360
238 302
422 657
149 327
707 229
45 502
543 395
785 967
476 896
829 842
774 85
685 678
100 410
319 120
105 292
893 323
416 329
569 373
143 142
570 166
115 874
722 429
261 63
882 39
555 215
424 595
811 97
137 114
674 827
949 499
40 643
699 724
208 841
890 413
800 909
178 561
160 44
696 78
803 786
716 49
576 740
795 898
647 925
801 277
948 172
382 672
535 604
437 929
27 173
501 286
999 563
691 322
673 403
639 536
948 339
716 58
143 755
848 935
649 858
144 798
863 209
406 498
468 175
162 878
640 802
58 943
240 774
719 438
973 994
61 296
945 477
732 547
549 211
400 86
277 83
581 322
267 262
819 373
516 435
632 830
760 283
500 30
637 619
619 32
68 314
657 259
658 604
442 147
269 590
880 547
461 806
906 693
194 530
485 49
323 938
950 69
474 258
882 391
202 789
449 576
658 53
894 294
271 827
457 673
205 3
243 368
464 131
651 937
177 546
128 426
384 836
848 281
899 805
707 110
600 257
236 620
642 735
677 306
938 294
721 190
774 329
578 705
582 941
570 813
989 933
997 912
857 319
252 311
199 216
772 304
459 119
920 707
742 694
32 3
51 353
325 642
844 98
27 280
999 710
726 922
564 33
584 959
758 363
523 780
711 893
628 874
403 634
903 781
623 539
397 104
869 785
532 677
629 359
580 829
762 56
122 475
395 907
822 790
473 627
776 478
61 332
908 203
948 708
1 417
572 184
330 319
974 636
685 503
80 970
10 689
488 651
306 260
295 656
426 833
871 93
851 602
508 581
552 451
291 57
723 411
813 484
483 769
870 159
248 122
999 505
512 625
641 275
509 109
591 19
560 845
262 261
233 123
289 697
239 181
816 678
813 134
580 151
229 463
171 330
906 907
274 553
449 556
803 257
453 664
66 303
771 32
416 258
938 395
836 366
603 109
826 452
555 142
595 667
539 690
385 827
902 768
694 614
807 957
189 358
834 125
448 288
302 575
782 197
626 507
221 565
406 745
557 871
616 317
728 407
878 733
90 68
682 456
723 668
688 873
304 830
913 148
682 347
648 455
960 425
482 165
709 546
236 500
713 660
496 329
539 111
575 613
120 677
652 390
146 271
527 317
550 301
776 506
743 340
102 420
934 586
605 275
291 247
794 194
832 945
64 299
432 271
515 103
783 782
36 129
852 291
84 661
340 767
876 473
751 396
823 19
885 470
893 387
715 827
789 16
572 640
955 264
229 965
584 206
132 644
445 715
873 16
447 13
91 127
38 602
920 127
849 47
506 570
712 225
836 347
440 420
941 247
669 205
925 99
673 138
86 929
218 25
743 47
717 193
170 132
726 369
543 581
261 692
643 863
660 871
610 662
872 133
105 762
401 233
921 978
350 788
468 839
86 242
363 411
218 426
539 444
635 23
87 668
164 431
717 517
739 85
723 696
761 654
895 862
161 907
679 585
496 486
633 683
80 741
135 751
619 904
505 24
187 740
888 599
260 632
110 614
800 413
477 115
761 184
427 741
654 475
608 709
805 789
202 314
116 420
44 457
254 219
12 47
814 908
113 179
784 175
767 852
224 60
704 374
297 800
728 636
177 458
395 415
81 775
381 106
755 805
383 556
441 301
707 966
211 663
341 716
837 311
162 465
642 807
220 351
885 603
318 756
194 958
581 818
855 311
214 421
305 511
769 424
682 667
383 770
278 604
189 889
261 284
100 308
205 239
722 283
6 480
410 588
212 829
152 241
829 954
583 623
768 854
234 720
685 583
11 150
854 454
899 709
147 936
954 536
777 371
142 109
273 770
422 173
61 867
356 417
469 142
553 731
455 431
921 863
9 873
598 165
191 625
807 636
415 589
383 217
899 880
991 414
722 897
621 141
623 707
865 443
893 12
923 7
13 51
288 542
696 395
258 186
95 395
387 450
923 180
950 509
766 628
69 236
808 84
451 548
801 961
141 288
628 748
222 917
44 429
597 695
50 794
676 58
288 875
996 363
389 323
49 82
112 702
187 204
676 792
720 664
647 137
371 8
978 224
798 271
546 508
115 724
966 577
2 618
423 510
261 495
470 818
603 354
256 225
37 932
474 37
385 572
578 687
349 875
803 578
642 732
238 37
755 381
648 513
237 147
497 46
460 182
479 234
906 296
459 118
612 48
761 730
155 337
928 223
820 37
215 557
950 928
973 577
901 228
246 397
817 989
506 54
751 572
293 116
460 491
118 203
681 155
114 610
83 657
529 479
511 25
979 331
192 23
924 344
13 87
144 138
18 751
917 513
809 136
151 457
357 756
174 26
784 954
623 965
126 130
309 994
244 201
266 735
286 466
141 469
533 947
665 235
975 450
154 864
451 318
589 636
831 515
798 472
886 520
651 246
31 344
987 190
928 78
821 315
452 434
272 712
919 898
941 754
690 946
15 357
76 341
95 587
96 635
320 687
600 955
621 751
589 17
151 730
872 27
105 396
397 630
311 912
774 605
26 864
27 473
561 641
235 602
237 8
593 368
612 212
333 565
653 534
891 119
13 951
364 909
174 634
473 771
683 912
776 14
868 412
943 418
982 652
506 189
623 650
1 504
350 490
779 814
875 313
397 139
667 85
61 254
338 827
194 641
574 420
636 232
652 278
69 164
71 602
933 267
718 563
847 469
762 319
913 323
767 34
932 117
145 621
419 26
150 158
157 690
515 308
556 472
3 488
90 571
803 113
492 950
148 282
441 272
336 714
361 41
5 381
950 147
805 692
665 481
806 330
978 168
428 137
46 552
394 9
514 748
694 148
915 617
185 132
827 309
594 472
333 4
546 151
214 265
641 137
846 194
985 542
316 712
601 558
928 458
878 66
860 919
592 999
829 518
575 230
514 411
389 165
472 869
15 31
806 318
424 520
872 134
123 28
969 876
454 996
700 900
717 802
666 788
4 915
133 305
706 21
190 930
127 461
130 601
99 100
598 158
804 521
991 421
259 500
781 907
729 78
365 618
433 266
396 154
26 293
183 738
671 601
704 796
13 415
70 80
309 824
718 668
903 634
597 801
127 918
454 322
704 169
714 478
842 235
607 553
75 648
507 732
166 801
139 741
652 24
980 381
152 440
144 271
788 552
974 855
921 73
124 606
827 115
432 315
832 555
435 688
976 998
833 867
558 368
542 789
240 790
798 163
310 841
245 812
967 681
750 331
773 496
993 698
560 451
360 105
381 429
911 151
56 145
809 235
821 134
234 864
271 229
311 984
185 348
167 276
26 856
523 516
539 30
32 505
913 416
899 597
223 13
557 797
83 918
356 418
764 295
696 63
880 300
436 506
929 380
520 823
151 849
619 204
685 419
50 324
216 100
179 24
108 466
843 1
844 350
147 758
850 632
888 918
528 551
819 40
348 528
900 367
922 803
406 496
763 455
144 175
212 975
38 776
870 516
227 514
467 115
760 430
136 978
999 241
837 214
736 407
510 6
917 718
844 994
405 410
387 739
836 914
799 302
253 924
988 245
478 691
908 120
301 170
970 683
20 694
332 704
667 601
979 859
229 344
712 894
660 390
54 925
111 868
583 364
871 878
529 745
768 815
362 842
272 606
48 501
565 688
696 577
492 668
755 94
718 86
914 642
976 224
489 254
195 388
696 671
532 13
570 184
116 642
764 246
493 40
655 216
83 805
320 610
385 43
329 756
346 826
720 3
313 435
276 545
260 110
997 505
981 996
393 331
496 242
977 517
389 927
763 20
122 148
36 580
517 403
49 983
378 109
696 330
435 158
917 814
735 107
352 512
244 534
444 80
65 365
835 641
979 330
128 377
729 311
731 833
571 532
611 823
361 752
987 511
91 290
448 928
176 43
641 631
758 617
813 337
462 129
210 934
482 707
936 943
68 280
345 949
658 702
789 280
543 151
497 722
171 529
816 330
743 97
727 636
552 340
680 297
206 53
927 452
812 173
353 560
428 166
102 853
949 964
876 804
826 113
387 828
124 356
825 831
24 90
228 154
584 434
821 427
90 167
424 783
578 156
793 394
333 321
63 40
166 890
575 205
877 789
470 405
293 676
858 534
332 398
333 675
826 401
209 477
589 667
484 721
803 863
207 723
515 757
467 638
433 690
909 383
116 867
80 477
375 447
299 637
502 4
284 207
160 453
70 824
143 644
237 297
900 1
481 287
857 932
752 190
74 390
737 590
577 37
117 484
562 648
654 163
468 114
677 66
550 464
495 667
813 514
23 465
657 30
417 849
735 877
39 810
500 178
139 428
691 203
100 740
793 671
975 131
709 467
766 284
235 340
219 587
791 301
885 178
376 94
968 254
897 890
992 184
392 894
140 816
966 748
626 661
515 324
257 116
224 897
926 270
193 922
414 34
824 467
842 569
326 734
967 309
825 894
432 845
492 853
932 522
954 974
468 202
615 680
483 618
465 139
86 709
803 319
434 998
328 669
332 893
445 570
319 65
