18808.698633
3910.62682149
4009.69523149
4023.71088149
4136.79494149
4172.75856149
4229.78002149
4273.85385149
4342.86408149
4402.89644149
4443.91176149
4574.95225149
4588.97575149
4688.99518149
4717.07071149
4788.10782149
4818.03777149
4916.20278149
4919.08545149
5031.22972149
5066.15386149
5144.31378149
5194.21244149
5258.35671149
5350.31355149
5371.44077149
5497.38196149
5500.48336149
5625.44054149
5656.58447149
5724.50895149
5784.67943149
5811.54098149
5882.57809149
5912.77439149
5995.66215149
6026.81732149
6123.72073149
6123.87008149
6226.72992149
6260.92899149
6313.76195149
6389.02395149
6416.77114149
6473.79260149
6486.07671149
6586.87666149
6600.11964149
6699.18805149
6714.97162149
6796.24081149
6871.07273149
6897.28849149
6972.12041149
7060.35182149
7085.20447149
7159.42023149
7188.21366149
7272.50429149
7285.26642149
7375.51348149
7413.32500149
7446.55059149
7550.38391149
7559.63465149
7637.41594149
7656.68741149
7727.72452149
7736.48435149
7798.76163149
7849.56841149
7935.82054149
7996.63682149
8050.84748149
8124.69540149
8179.89007149
8223.76381149
8294.91701149
8337.80674149
8408.84385149
8422.97559149
8520.02835149
8522.88678149
8634.07128149
8637.91372149
8762.16624149
8766.95631149
8863.21392149
8866.02472149
9026.27725149
9052.10403149
9155.31984149
9199.17244149
9270.34678149
9328.21503149
9367.39954149
9441.29909149
9480.48360149
9538.35185149
9609.52619149
9653.37879149
9756.59460149
9782.42138149
9942.67391149
9945.48471149
10041.7423215
10046.5323915
10170.7849115
10174.6273515
10285.8118515
10288.6702815
10385.7230415
10399.8547815
10470.8918915
10513.7816215
10584.9348215
10628.8085615
10684.0032315
10757.8511515
10812.0618115
10872.8780915
10959.1302215
11009.9370015
11072.2142815
11080.9741115
11152.0112215
11171.2826915
11249.0639815
11258.3147215
11362.1480415
11395.3736315
11433.1851515
11523.4322115
11536.1943415
11620.4849715
11649.2784015
11723.4941615
11748.3468115
11836.5782215
11911.4101415
11937.6259015
12012.4578215
12093.7270115
12109.5105815
12208.5789915
12221.8219715
12322.6219215
12334.9060315
12391.9274915
12419.6746815
12494.9366815
12547.7696415
12581.9687115
12684.8285515
12684.9779015
12781.8813115
12813.0364815
12895.9242415
12926.1205415
12997.1576515
13024.0192015
13084.1896815
13152.1141615
13183.2580915
13308.2152715
13311.3166715
13437.2578615
13458.3850815
13550.3419215
13614.4861915
13664.3848515
13742.5447715
13777.4689115
13889.6131815
13892.4958515
13990.6608615
14020.5908115
14091.6279215
14119.7034515
14219.7228815
14233.7463815
14364.7868715
14405.8021915
14465.8345515
14534.8447815
14578.9186115
14635.9400715
14671.9036915
14784.9877515
14799.0034015
14898.0718115
