466.881058241
494.842168642
613.949468241
648.462139512
648.983908122
694.2159334
716.958658241
816.027068241
872.965615102
1002.10637824
1116.14930824
1119.20547754
1203.18133824
1318.20827824
1405.24030824
1470.64729144
1554.32738787
1583.78739154
1591.31961824
1677.60283573
1704.40367824
1710.02899117
1806.7606647
1867.46700824
1951.13309444
1968.51468824
1980.55106824
2083.56025824
2097.55727824
2184.60793824
2212.58421824
2297.02054433
2309.63697824
2315.64842824
2363.73553852
2441.76032027
2462.71683824
2465.73808824
2519.73829824
2530.01019074
2578.82214824
2650.77878824
2693.84908824
2763.86284824
2806.93314824
2876.94690824
2906.00155824
2906.3132489
2976.15877722
3014.00581824
3021.02849824
3111.05857824
3125.9673177
3136.05543824
3224.14263824
3261.40789247
3283.12384824
3315.93655792
3339.16957824
3397.38821883
3414.16433824
3454.19651824
3535.60994185
3567.28057824
3598.60587801
3600.24364824
3680.36463824
3707.19892609
3728.30222824
3758.06851127
3795.39157824
3827.37063824
3908.47563824
3930.37982824
4028.88359225
4033.38901824
4036.57059824
4164.62917824
4176.42015343
4251.09660045
4295.66966824
