44906352462741904929101432445813822663347944758178
64906352462741904929101432445813822663347944758178
64906352462741904929101432445813822663347944758178
64906352462741904929101432445813822663347944758178
64906352462741904929101432445813822663347944758178
64906352462741904929101432445813822663347944758178
64906352462741904929101432445813822663347944758178
64906352462741904929101432445813822663347944758178
64906352462741904929101432445813822663347944758178
64906352462741904929101432445813822663347944758178
64906352462741904929101432445813822663347944758178
64906352462741904929101432445813822663347944758178
64906352462741904929101432445813822663347944758178
64906352462741904929101432445813822663347944758178
64906352462741904929101432445813822663347944758178
64906352462741904929101432445813822663347944758178
64906352462741904929101432445813822663347944758178
64906352462741904929101432445813822663347944758178
64906352462741904929101432445813822663347944758178
64906352462741904929101432445813822663347944758178
64906352462741904929101432445813822663347944758178
64906352462741904929101432445813822663347944758178
64906352462741904929101432445813822663347944758178
64906352462741904929101432445813822663347944758178
64906352462741904929101432445813822663347944758178
64906352462741904929101432445813822663347944758178
64906352462741904929101432445813822663347944758178
64906352462741904929101432445813822663347944758178
64906352462741904929101432445813822663347944758178
64906352462741904929101432445813822663347944758178
64906352462741904929101432445813822663347944758178
64906352462741904929101432445813822663347944758178
64906352462741904929101432445813822663347944758178
64906352462741904929101432445813822663347944758178
64906352462741904929101432445813822663347944758178
64906352462741904929101432445813822663347944758178
64906352462741904929101432445813822663347944758178
64906352462741904929101432445813822663347944758178
64906352462741904929101432445813822663347944758178
64906352462741904929101432445813822663347944758178
64906352462741904929101432445813822663347944758178
64906352462741904929101432445813822663347944758178
64906352462741904929101432445813822663347944758178
64906352462741904929101432445813822663347944758178
64906352462741904929101432445813822663347944758178
64906352462741904929101432445813822663347944758178
64906352462741904929101432445813822663347944758178
64906352462741904929101432445813822663347944758178
64906352462741904929101432445813822663347944758178
64906352462741904929101432445813822663347944758178
