11101111111011110111111010110001111011101111011001110111011111011111100111101111111111101101010101
11100011011011110111101010110001101011101101010000010111000101010101000110101111111111001100010001
01011111111111111111111111011111111111111111111111101111111111111111111111111001111111111111111111
11111111111111111111111111111111111111011011101111111111111111111111111111111111111111111111111111
11111111011111111111101111111111111111111111111111111111111111111111111110111111111111111111111111
11111111110111111111111111111111111111011011101111111111111111111111111111111111111111111111111111
11111111111111111111111111111111111111111111111111011111111101111111111111111111111111111110111111
00010000000000000000000000000000000000000000100100000000000000000000000000000000000000000000100000
00000000000000001000000101001110000000000000000010000000000000000000000000000000000000000000000010
11111111111101111111111111111111111111111111111111111001111111101111111111111111111101111111111111
11100011010011110111101010110001101011001001000000010111000100010101000100100111110011001100010001
00011100100100001000010101001110010100010010101111101000101010101010111001010000000000110011101110
11111101101111111111111111111111111111111111111111111111111111111111111111111111111111111111111111
11100011011011110111101010110001101011101101011001010111010101010101000110101111111111001100010001
00000000000000000000000000100000000000000000000000010000000000000000000000000100000000000000000000
00010000000000000000000000000000000000000000000000000000000000000000000000000000000000000000100000
00000000000100000000000000000000000000000000000000001000000000000000000000000000000000000000000000
11111111111111111111111101111111111111111111111111111110111111111111111111111111111111111111111111
00000001000011100111100010010001101001001001000000000111000100010101000100000001100011001100010001
11111111110111111111111111111111111111011011101111111111111111111111111111111111110111111111111111
00000001000010000111100000000001100000000000000000000110000100010101000100000000000011000100010001
11111111111111111111111101111111111111111110111111111110111111111111111111111111111111111111111111
11111110111100011000011101101110010110110110111111111000111011101010111011111110001100110011101110
00010000000100001000000101001110000100010010100110001000100000100000011000010000000000010010101110
00000000000000001000000000000100000000000000000000000000000000000000000000000000000000000000000000
11111111111111111111111111111111111111111111111111111111111101111111111111111111111111111110111111
11100111111011001101111110000000011100000101011001001100000010011101101001001010101000111000010100
11111111011111111111101111111111111111111111111111111111111111111111111111111111111111111111111111
11111111111111111110111111111111111111111111111111111111111111111110111111111111111111111111111111
00000000000000000000000000000000000100000000000000000000100000000000000000000000000000000000000000
11111111111111110111111111110001111111111111111101111111111111111111111111111111111111111111111111
00000000000100000000000000000000000000010000000000001000000000100000010000000000000000010000000000
11100011010011110111101010110001101011001001000000010111000101010101000110101111110111001100010001
11100010010000010000001000100000000000000000000000010000000000000000000000100110000000000000000000
00011101101111101111110111011111111101111111111111101111111111111111111111011001111111111111111111
00010100100100001000010101001110000100010010100110001000101000101000111001010000000000010010101110
11111111111101111111111111111111111111111111111111111111111111101111111111111111111111111111111111
11111111111111111111111111111111011111111111111111111111111111111111111111111111111111111111101111
11111111111111110111111011110001111111111111111101111111111111111111111111111111111111111111111111
00000000000000000000000000000000001001000000000000000000000000000000000000000001100000000000000000
11111111111111111111111111111111110111111111111111111111111111111111111111111111011111111111111111
00000010010000000000001000000000000000000000000000000000000000000000000000000000000000000000000000
10100000000000000000000000000000000000000000000000000000000000000000000000000000000000000000000000
10111111111111101111111111111111111111111111111111111111111111111111111111111111111111111111111111
11111110111111111000111111111111111111111111111111111111111011111010111111111111111110111111111110
11111111111111111111111111101111111111110111111111111111111111111111111111111111111111111111111111
11101111111011110111111010110001111111101111011001110111111111011111101111111111111111101111010101
00010100100100001000010101001110000100010010100110101000101010101000111001010000000000010011101110
11111110111111111000111111111111111111111111111111111111111011111010111111111111111110111111111111
00000001000011100111100000000001101001000000000000000110000100010101000100000001100011000100010001
11100011010011110111101010110001101011001001000000010111000101010101000110101111110011001100010001
11111111111111111111111111011111111111111111111111111111111111111111111111111011111111111111111111
00000000000000000000000000100000000000000000000000010000000000000000000000000110000000000000000000
00000000000000001000000000001100000000000000000010000000000000000000000000000000000000000000000000
00000001000011100111100000010001101001001000000000000110000100010101000100000001100011000100010001
11111111011111111111101111111111111111111111111111111111110111110111111110111111111111111111111111
11111110111100011000011111101110010110110111111111111001111011101010111011111110011100110011101110
11111110111101111000111111111110111111111111111111111001111011101010111111111111111100111111111110
00000000000000000000000000000000000000100000010000000000000000000000000000000000000000000000000000
11111111111111111111111111111111111011111111111111111111011111111111110111111111111111111101111111
11101111111011111111111111111111111111101111011011110111111111011111101111111111111111101111010111
11100011011011110111101010110001111011101101011001010111010101010101000110101111111111001100010001
00010000000100001000000101001110000100010000100110001000100000100000011000000000000000010010101010
01000000000000010000000000000000000000000000000000000000000000000000000000100000000000000000000000
00000000000000000000000000000000000000000000001001000000000000000000000000000000000000000000000000
11111111111111111100111111111111111111111111111111111111111011111010111111111111111110111111111111
00000000000100000000000000000000000000010000000000001000000000100000000000000000000000010000000000
11111111111111111111111111111111111111111111111111111001111111111111111111111111111111111111111111
11111111111111111000111111111111111111111111111111111111111011111010111111111111111110111111111111
00000000000000000000000000000000000000000000000000000000000100000000000000000000000001000000000000
11101011011011110111101010110001111011101101011001110111010111010111100110101111111111101101010001
11111111111111110111111010110001111111111111111101111111111111111111111111111111111111111111111111
11111111111111111111011111111111111111111111111111111111111111111111111011111111111111111111111111
11101111011011110111101010110001111011101101011001110111010111010111100110101111111111101101010001
00000000100000000000010000000000000000000000000000000000001000000000000001000000000000000000000000
00000001000010100111100000000001100000000000000000000110000100010101000100000000000011000100010001
00000000000000000001000000000000000000000000000000000000000100000001000000000000000001000000000000
00011100101100001000010101001110010100110110111111101000111010101010111011010000001100110011101110
11111111111111111111111111111111111111101111111111111111111111111111111111111111111111101111111111
00000000000100000000000000000000000000010000000000001000000000000000000000000000000000010000000000
00000000000010000000000000000000000000000000000000000110000000010000000000000000000000000000000000
00000000000000000010000000000000000000000000000000000000000000000100000000000000000000000000000000
11111111111111111111111111111111111111111101111111111111111111111111111111111111111111111111111011
00010000000000000000000000000000000000000000000100000000000000000000000000000000000000000000100000
01011101101111111111110111011111111111111111111111101111111111111111111111111001111111111111111111
11111110111101111000111111111111111111111111111111111001111011101010111111111111111100111111111110
00000000000000000000000000000000000100000000000000000000100000000000001000000000000000000000000000
00011100100100001000010101001110000100010010100110101000101010101000111001010000000000110011101110
11101111111111111111111111111111111111111111011011111111111111111111111111111111111111111111010111
11111111111111110111111111110011111111111111111111111111111111111111111111111111111111111111111111
11111111111111111111011111111111111111111111111111111111111111111111111011111111111111111011111111
00011100101100001000010101001110010100110110111111101000111010101010111011011000001100110011101110
00000000000000000000000000000000001000000000000000000000000000000000000000000001100000000000000000
00000000000000000000100000000000100000000000000000000000000000000000000100000000000000000100010000
11100011011011110111101010110001111011101101011001010111010101010111000110101111111111101100010001
00000001000010100111100000000001101001000000000000000110000100010101000100000001100011000100010001
