000000000000000000000000010000000000000000000000000000000000000000010000000000000000000
010000000000000000000000001100010000001000010000010100000000000000000010100000000000000
000001100000100100001011010000000000000000100000000010010001000100010100010010000010000
000000000000000000000000000000000000000000000000000000000000000000000000000000010001000
000000000000000000000000000000000000000010000010000000000000000000000000000000000000000
000001100000100100101011010010001000000000100000100010010001000100011100010010000110100
111111111101111111111011111111011101111111111010111111010011011111111110110111010111110
111010011111011011010100101101110010101111011111011101101110111011100011101101111001001
000000000000010000000000000000000000000000000000000000000010000000000000000000000000000
100000000000000001000000000000000000000000000000000000000000000000000000000000000000000
000000100000100000000001000000000000000000000000000010000000000000000000000000000000000
000001100000100100101011010010001000000000100000100010010001000100010100010010000110100
000000000000100000000000000000000000000000000000000010000000000000000000000000000000000
111111111111111111111111111111110111111111111111011111111111111111111111111111111111111
111111111111110111111111111110111111111001110101110110111111111111111111111110111111111
111111111111111011111101111111111111111111111111111111111111111111111111111111111111111
111110111111111111111111111111111111111111011111111111111110111111111111111101111111111
111111111111111101111111111111111111111111111111111111111111111100111111111111101110111
000000000000000000000000000000000101000000000000000000000000000000000000000000000000000
000001100000100100101011010010000000000000100000000010010001000100010100010010000110100
000000000000000010000000000000000000000000000000000000000000000001000000000000000000000
000000000000000000000000000000000000000010000010001001000000000000000000000001000000000
000000000000000000000000000000000000000000000000000000010000000000000100000000000000000
111111111111111111111111111110111111111101111101110110111111111111111111111110111111111
111111111111111111111111111011101111111111111111111111111111111111111111111111111111111
111111111111111111111111111111111111111101111101111110111111111111111111111111111111111
111111111111111111101111111111111111111110111111111111111111111111111111111111111111111
000101100000100100101011010010001000000000100000100010010001000100011100010010000110110
111111111101111111111011111111011111111111111010111111111011011111111110110111110111110
000000000000000000000000000000000000000010000010001001000000000000000000000000000000000
111111111101111111111011111111111111111111111111111111111111111111111111111111111111111
000001000000000000000000000000000000000000100000000000000000000000000000000000000000000
111111111111111111111111111111111111111111101111111011111111111111111111111111111111111
000000001000000010000000000000000000000000000000000000000000000011000000000000010001000
000000000010000000000100000000100010000000000101000000001100100000000001001000001000001
111111111101111111111011111111011111111111111110111111111111111111111110110111110111111
000000000010000000000100000000000000000000000000000000000000000000000000000000001000000
111111111101111111111011111111111111111111111111111111111111111111111110111111110111111
111110011111011011010100101111111111111111011111111101101110111011101011101101111001111
111111111101111111111011111111111111111111111110111111111111111111111110111111110111111
000000000000000000000000100000000000100000000000000000000000000000000000000000000000000
000000000000000000100000000000000000000000000000000000000000000000000000000000000100000
111111111111111111111111111011101111111111101111111011111111111111111111011111111111111
101000010111010001010100100000100010100001000101000000101110101000100001001000101000001
111111111101111111111011111111111111111111111110111111111111111111111110110111110111111
000000000000000000000000000100010000001000010000000100000000000000000000100000000000000
010000000000000000000000001000000000000000000000010000000000000000000000000000000000000
111010011111011011010100101101110010111111011111011101101110111011100011101101111001001
111000011111010011010100101100110010101001010101010100101110111011100011101100111001001
011111111111101110101111111111111111111110111111111111111101111111111111111111111111111
000000000000000000000000000000000010000000000000000000001000000000000000000000000000000
111111111111111111110111111111111111111111111111111111101111111111111011111111111111111
111111111111101111101111111111111111111110111111111111111101111111111111111111111111111
010111101000101110101011111111011101111110111010111111010001011111111110110111010111110
000001100000100100000011000000000000000000100000000010000001000100000000000010000000000
111111110111111101111111111111111111111111111111111111111111111100111111111011101110111
000000000000000000000000000100010000000000010000000100000000000000000000000000000000000
000001000000000100000010000000000000000000100000000000000001000000000000000010000000000
011100010101110100101101100010111100001010111001111010000001101111110001110000100001101
010111111000101110101011111111011101111110111010111111010001011111111110110111010111110
111000010111010001010100101100110010101001010101010100101110111000100011101000101000001
111111111111111111111111111110111111111001111101110110111111111111111111111110111111111
000101100000101100101011010011001101010110101010101011010001000100011100010011000110110
000001100000100100000011010000000000000000100000000010000001000100010000010010000000000
000000000000000000000000010000000000000000000000000000000000000000010000010000000000000
000000000000000000000000100000000000100000000000000000000000000000100000000000000000000
000000000010000000000100000000100000000000000001000000000000100000000001001000001000001
010111111010101110101111111111111111111110111111111111111101111111111111111111111111111
011111111110101110101111111111111111111110111111111111111101111111111111111111111111111
000001100000100100101011010010001000000000100000100010010001000100011100010010000110110
000000000000000010000000000000000000000000000000000000000000000001000000000000010001000
000001000000000000000000000000000000000000100000000000000001000000000000000000000000000
110111111011111111111111111111111111111111111111111111111111111111111111111111111111111
111111011111111111111110111111111111111111111111111111111111111111111111111111111111111
101111111111111111111111110111111111111111111111111111111111111111111111111111111111111
111111011111011111111110111111111111111111111111111101111111111011111111111111111111111
000000000010000000000100000000100000000000000001000000000000100000000001001000001000000
111111111111110111111111111111111111111111110111111111111111111111111111111111111111111
111111111111111111111111011111111111011111111111111111111111110111011111111111111111111
000001100000100100101011010000000000000000100000000010010001000100010100010010000110100
111110011111011011111100101111111111111111011111111101111110111011101111101101111101111
101111111111111111111111110011101111110111101111101011111111101111111101011111111111111
111111111111111111111111111111111111111111111111111111011111111111111111111111011111111
101111111111111111111111110011101111110111101111101011111111111111111111011111111111111
000000000010000000000100000000100000000000000101000000000000100000000001001000001000001
