4037.42998915
4134.48274915
4290.58385915
4427.64276915
4564.70167915
4727.76500915
4814.79703915
4942.89199915
5055.97605915
5153.02881915
5284.06930915
5341.09076915
5440.15917915
5569.20176915
5697.29672915
5844.36513915
5972.42371915
6100.51867915
6228.61363915
6285.63509915
6384.70350915
6512.76208915
6649.82099915
6764.84793915
6835.88504915
6938.89423915
7025.92626915
7156.96675915
7243.99878915
7345.04646915
7482.10537915
7611.14796915
7774.21129915
7905.25178915
7992.28381915
8095.29300915
8166.33011915
8263.38287915
8320.40433915
8417.45709915
8580.52042915
8717.57933915
8830.66339915
8901.70050915
9029.79546915
9132.80465915
9233.85233915
9346.93639915
9533.01570915
9646.09976915
9777.14025915
9890.22431915
9991.27199915
10119.3669592
10190.4040692
10318.4990292
10447.5416192
10578.5821092
10715.6410192
10844.6836092
11000.7847192
11113.8687792
11299.9480892
11463.0114192
11566.0206092
11713.0890192
11876.1523492
11933.1738092
12080.2422192
12243.3055492
12371.4005092
12518.4689192
12605.5009492
12718.5850092
12831.6690692
12934.6782592
13071.7371692
13142.7742792
13298.8753892
13426.9703492
13483.9918092
13599.0187492
13670.0558592
13798.1144392
13926.1730192
14039.2570792
14195.3581892
14324.4007792
14438.4437092
14566.5022892
14722.6033992
14819.6561592
14950.6966492
