2496 4631
2497 4631
2496 4632
2495 4633
2498 4631
2497 4632
2496 4633
2495 4634
2494 4635
2499 4631
2498 4632
2497 4633
2496 4634
2495 4635
2494 4636
2493 4637
2500 4631
2499 4632
2498 4633
2497 4634
2496 4635
2495 4636
2494 4637
2493 4638
2492 4639
2501 4631
2500 4632
2499 4633
2498 4634
2497 4635
2496 4636
2495 4637
2494 4638
2493 4639
2492 4640
2491 4641
2502 4631
2501 4632
2500 4633
2499 4634
2498 4635
2497 4636
2496 4637
2495 4638
2494 4639
2493 4640
2492 4641
2491 4642
2490 4643
2503 4631
2502 4632
2501 4633
2500 4634
2499 4635
2498 4636
2497 4637
2496 4638
2495 4639
2494 4640
2493 4641
2492 4642
2491 4643
2490 4644
2489 4645
2504 4631
2503 4632
2502 4633
2501 4634
2500 4635
2499 4636
2498 4637
2497 4638
2496 4639
2495 4640
2494 4641
2493 4642
2492 4643
2491 4644
2490 4645
2489 4646
2488 4647
2505 4631
2504 4632
2503 4633
2502 4634
2501 4635
2500 4636
2499 4637
2498 4638
2497 4639
2496 4640
2495 4641
2494 4642
2493 4643
2492 4644
2491 4645
2490 4646
2489 4647
2488 4648
2487 4649
2506 4631
2505 4632
2504 4633
2503 4634
2502 4635
2501 4636
2500 4637
2499 4638
2498 4639
2497 4640
2496 4641
2495 4642
2494 4643
2493 4644
2492 4645
2491 4646
2490 4647
2489 4648
2488 4649
2487 4650
2486 4651
2507 4631
2506 4632
2505 4633
2504 4634
2503 4635
2502 4636
2501 4637
2500 4638
2499 4639
2498 4640
2497 4641
2496 4642
2495 4643
2494 4644
2493 4645
2492 4646
2491 4647
2490 4648
2489 4649
2488 4650
2487 4651
2486 4652
2485 4653
2508 4631
2507 4632
2506 4633
2505 4634
2504 4635
2503 4636
2502 4637
2501 4638
2500 4639
2499 4640
2498 4641
2497 4642
2496 4643
2495 4644
2494 4645
2493 4646
2492 4647
2491 4648
2490 4649
2489 4650
2488 4651
2487 4652
2486 4653
2485 4654
2484 4655
2509 4631
2508 4632
2507 4633
2506 4634
2505 4635
2504 4636
2503 4637
2502 4638
2501 4639
2500 4640
2499 4641
2498 4642
2497 4643
2496 4644
2495 4645
2494 4646
2493 4647
2492 4648
2491 4649
2490 4650
2489 4651
2488 4652
2487 4653
2486 4654
2485 4655
2484 4656
2483 4657
2510 4631
2509 4632
2508 4633
2507 4634
2506 4635
2505 4636
2504 4637
2503 4638
2502 4639
2501 4640
2500 4641
2499 4642
2498 4643
2497 4644
2496 4645
2495 4646
2494 4647
2493 4648
2492 4649
2491 4650
2490 4651
2489 4652
2488 4653
2487 4654
2486 4655
2485 4656
2484 4657
2483 4658
2482 4659
2511 4631
2510 4632
2509 4633
2508 4634
2507 4635
2506 4636
2505 4637
2504 4638
2503 4639
2502 4640
2501 4641
2500 4642
2499 4643
2498 4644
2497 4645
2496 4646
2495 4647
2494 4648
2493 4649
2492 4650
2491 4651
2490 4652
2489 4653
2488 4654
2487 4655
2486 4656
2485 4657
2484 4658
2483 4659
2482 4660
2481 4661
2512 4631
2511 4632
2510 4633
2509 4634
2508 4635
2507 4636
2506 4637
2505 4638
2504 4639
2503 4640
2502 4641
2501 4642
2500 4643
2499 4644
2498 4645
2497 4646
2496 4647
2495 4648
2494 4649
2493 4650
2492 4651
2491 4652
2490 4653
2489 4654
2488 4655
2487 4656
2486 4657
2485 4658
2484 4659
2483 4660
2482 4661
2481 4662
2480 4663
2513 4631
2512 4632
2511 4633
2510 4634
2509 4635
2508 4636
2507 4637
2506 4638
2505 4639
2504 4640
2503 4641
2502 4642
2501 4643
2500 4644
2499 4645
2498 4646
2497 4647
2496 4648
2495 4649
2494 4650
2493 4651
2492 4652
2491 4653
2490 4654
2489 4655
2488 4656
2487 4657
2486 4658
2485 4659
2484 4660
2483 4661
2482 4662
2481 4663
2480 4664
2479 4665
2514 4631
2513 4632
2512 4633
2511 4634
2510 4635
2509 4636
2508 4637
2507 4638
2506 4639
2505 4640
2504 4641
2503 4642
2502 4643
2501 4644
2500 4645
2499 4646
2498 4647
2497 4648
2496 4649
2495 4650
2494 4651
2493 4652
2492 4653
2491 4654
2490 4655
2489 4656
2488 4657
2487 4658
2486 4659
2485 4660
2484 4661
2483 4662
2482 4663
2481 4664
2480 4665
2479 4666
2478 4667
2513 4633
2512 4634
2511 4635
2510 4636
2509 4637
2508 4638
2507 4639
2506 4640
2505 4641
2504 4642
2503 4643
2502 4644
2501 4645
2500 4646
2499 4647
2498 4648
2497 4649
2496 4650
2495 4651
2494 4652
2493 4653
2492 4654
2491 4655
2490 4656
2489 4657
2488 4658
2487 4659
2486 4660
2485 4661
2484 4662
2483 4663
2482 4664
2481 4665
2480 4666
2479 4667
2512 4635
2511 4636
2510 4637
2509 4638
2508 4639
2507 4640
2506 4641
2505 4642
2504 4643
2503 4644
2502 4645
2501 4646
2500 4647
2499 4648
2498 4649
2497 4650
2496 4651
2495 4652
2494 4653
2493 4654
2492 4655
2491 4656
2490 4657
2489 4658
2488 4659
2487 4660
2486 4661
2485 4662
2484 4663
2483 4664
2482 4665
2481 4666
2480 4667
2511 4637
2510 4638
2509 4639
2508 4640
2507 4641
2506 4642
2505 4643
2504 4644
2503 4645
2502 4646
2501 4647
2500 4648
2499 4649
2498 4650
2497 4651
2496 4652
2495 4653
2494 4654
2493 4655
2492 4656
2491 4657
2490 4658
2489 4659
2488 4660
2487 4661
2486 4662
2485 4663
2484 4664
2483 4665
2482 4666
2481 4667
2510 4639
2509 4640
2508 4641
2507 4642
2506 4643
2505 4644
2504 4645
2503 4646
2502 4647
2501 4648
2500 4649
2499 4650
2498 4651
2497 4652
2496 4653
2495 4654
2494 4655
2493 4656
2492 4657
2491 4658
2490 4659
2489 4660
2488 4661
2487 4662
2486 4663
2485 4664
2484 4665
2483 4666
2482 4667
2509 4641
2508 4642
2507 4643
2506 4644
2505 4645
2504 4646
2503 4647
2502 4648
2501 4649
2500 4650
2499 4651
2498 4652
2497 4653
2496 4654
2495 4655
2494 4656
2493 4657
2492 4658
2491 4659
2490 4660
2489 4661
2488 4662
2487 4663
2486 4664
2485 4665
2484 4666
2483 4667
2508 4643
2507 4644
2506 4645
2505 4646
2504 4647
2503 4648
2502 4649
2501 4650
2500 4651
2499 4652
2498 4653
2497 4654
2496 4655
2495 4656
2494 4657
2493 4658
2492 4659
2491 4660
2490 4661
2489 4662
2488 4663
2487 4664
2486 4665
2485 4666
2484 4667
2507 4645
2506 4646
2505 4647
2504 4648
2503 4649
2502 4650
2501 4651
2500 4652
2499 4653
2498 4654
2497 4655
2496 4656
2495 4657
2494 4658
2493 4659
2492 4660
2491 4661
2490 4662
2489 4663
2488 4664
2487 4665
2486 4666
2485 4667
2506 4647
2505 4648
2504 4649
2503 4650
2502 4651
2501 4652
2500 4653
2499 4654
2498 4655
2497 4656
2496 4657
2495 4658
2494 4659
2493 4660
2492 4661
2491 4662
2490 4663
2489 4664
2488 4665
2487 4666
2486 4667
2505 4649
2504 4650
2503 4651
2502 4652
2501 4653
2500 4654
2499 4655
2498 4656
2497 4657
2496 4658
2495 4659
2494 4660
2493 4661
2492 4662
2491 4663
2490 4664
2489 4665
2488 4666
2487 4667
2504 4651
2503 4652
2502 4653
2501 4654
2500 4655
2499 4656
2498 4657
2497 4658
2496 4659
2495 4660
2494 4661
2493 4662
2492 4663
2491 4664
2490 4665
2489 4666
2488 4667
2503 4653
2502 4654
2501 4655
2500 4656
2499 4657
2498 4658
2497 4659
2496 4660
2495 4661
2494 4662
2493 4663
2492 4664
2491 4665
2490 4666
2489 4667
2502 4655
2501 4656
2500 4657
2499 4658
2498 4659
2497 4660
2496 4661
2495 4662
2494 4663
2493 4664
2492 4665
2491 4666
2490 4667
2501 4657
2500 4658
2499 4659
2498 4660
2497 4661
2496 4662
2495 4663
2494 4664
2493 4665
2492 4666
2491 4667
2500 4659
2499 4660
2498 4661
2497 4662
2496 4663
2495 4664
2494 4665
2493 4666
2492 4667
2499 4661
2498 4662
2497 4663
2496 4664
2495 4665
2494 4666
2493 4667
2498 4663
2497 4664
2496 4665
2495 4666
2494 4667
2497 4665
2496 4666
2495 4667
2496 4667
9621 4628
9622 4628
9621 4629
9620 4630
9623 4628
9622 4629
9621 4630
9620 4631
9619 4632
9624 4628
9623 4629
9622 4630
9621 4631
9620 4632
9619 4633
9618 4634
9625 4628
9624 4629
9623 4630
9622 4631
9621 4632
9620 4633
9619 4634
9618 4635
9617 4636
9626 4628
9625 4629
9624 4630
9623 4631
9622 4632
9621 4633
9620 4634
9619 4635
9618 4636
9617 4637
9616 4638
9627 4628
9626 4629
9625 4630
9624 4631
9623 4632
9622 4633
9621 4634
9620 4635
9619 4636
9618 4637
9617 4638
9616 4639
9615 4640
9628 4628
9627 4629
9626 4630
9625 4631
9624 4632
9623 4633
9622 4634
9621 4635
9620 4636
9619 4637
9618 4638
9617 4639
9616 4640
9615 4641
9614 4642
9629 4628
9628 4629
9627 4630
9626 4631
9625 4632
9624 4633
9623 4634
9622 4635
9621 4636
9620 4637
9619 4638
9618 4639
9617 4640
9616 4641
9615 4642
9614 4643
9613 4644
9630 4628
9629 4629
9628 4630
9627 4631
9626 4632
9625 4633
9624 4634
9623 4635
9622 4636
9621 4637
9620 4638
9619 4639
9618 4640
9617 4641
9616 4642
9615 4643
9614 4644
9613 4645
9612 4646
9631 4628
9630 4629
9629 4630
9628 4631
9627 4632
9626 4633
9625 4634
9624 4635
9623 4636
9622 4637
9621 4638
9620 4639
9619 4640
9618 4641
9617 4642
9616 4643
9615 4644
9614 4645
9613 4646
9612 4647
9611 4648
9632 4628
9631 4629
9630 4630
9629 4631
9628 4632
9627 4633
9626 4634
9625 4635
9624 4636
9623 4637
9622 4638
9621 4639
9620 4640
9619 4641
9618 4642
9617 4643
9616 4644
9615 4645
9614 4646
9613 4647
9612 4648
9611 4649
9610 4650
9633 4628
9632 4629
9631 4630
9630 4631
9629 4632
9628 4633
9627 4634
9626 4635
9625 4636
9624 4637
9623 4638
9622 4639
9621 4640
9620 4641
9619 4642
9618 4643
9617 4644
9616 4645
9615 4646
9614 4647
9613 4648
9612 4649
9611 4650
9610 4651
9609 4652
9634 4628
9633 4629
9632 4630
9631 4631
9630 4632
9629 4633
9628 4634
9627 4635
9626 4636
9625 4637
9624 4638
9623 4639
9622 4640
9621 4641
9620 4642
9619 4643
9618 4644
9617 4645
9616 4646
9615 4647
9614 4648
9613 4649
9612 4650
9611 4651
9610 4652
9609 4653
9608 4654
9635 4628
9634 4629
9633 4630
9632 4631
9631 4632
9630 4633
9629 4634
9628 4635
9627 4636
9626 4637
9625 4638
9624 4639
9623 4640
9622 4641
9621 4642
9620 4643
9619 4644
9618 4645
9617 4646
9616 4647
9615 4648
9614 4649
9613 4650
9612 4651
9611 4652
9610 4653
9609 4654
9608 4655
9607 4656
9636 4628
9635 4629
9634 4630
9633 4631
9632 4632
9631 4633
9630 4634
9629 4635
9628 4636
9627 4637
9626 4638
9625 4639
9624 4640
9623 4641
9622 4642
9621 4643
9620 4644
9619 4645
9618 4646
9617 4647
9616 4648
9615 4649
9614 4650
9613 4651
9612 4652
9611 4653
9610 4654
9609 4655
9608 4656
9607 4657
9606 4658
9637 4628
9636 4629
9635 4630
9634 4631
9633 4632
9632 4633
9631 4634
9630 4635
9629 4636
9628 4637
9627 4638
9626 4639
9625 4640
9624 4641
9623 4642
9622 4643
9621 4644
9620 4645
9619 4646
9618 4647
9617 4648
9616 4649
9615 4650
9614 4651
9613 4652
9612 4653
9611 4654
9610 4655
9609 4656
9608 4657
9607 4658
9606 4659
9605 4660
9638 4628
9637 4629
9636 4630
9635 4631
9634 4632
9633 4633
9632 4634
9631 4635
9630 4636
9629 4637
9628 4638
9627 4639
9626 4640
9625 4641
9624 4642
9623 4643
9622 4644
9621 4645
9620 4646
9619 4647
9618 4648
9617 4649
9616 4650
9615 4651
9614 4652
9613 4653
9612 4654
9611 4655
9610 4656
9609 4657
9608 4658
9607 4659
9606 4660
9605 4661
9604 4662
9639 4628
9638 4629
9637 4630
9636 4631
9635 4632
9634 4633
9633 4634
9632 4635
9631 4636
9630 4637
9629 4638
9628 4639
9627 4640
9626 4641
9625 4642
9624 4643
9623 4644
9622 4645
9621 4646
9620 4647
9619 4648
9618 4649
9617 4650
9616 4651
9615 4652
9614 4653
9613 4654
9612 4655
9611 4656
9610 4657
9609 4658
9608 4659
9607 4660
9606 4661
9605 4662
9604 4663
9603 4664
9640 4628
9639 4629
9638 4630
9637 4631
9636 4632
9635 4633
9634 4634
9633 4635
9632 4636
9631 4637
9630 4638
9629 4639
9628 4640
9627 4641
9626 4642
9625 4643
9624 4644
9623 4645
9622 4646
9621 4647
9620 4648
9619 4649
9618 4650
9617 4651
9616 4652
9615 4653
9614 4654
9613 4655
9612 4656
9611 4657
9610 4658
9609 4659
9608 4660
9607 4661
9606 4662
9605 4663
9604 4664
9603 4665
9602 4666
9641 4628
9640 4629
9639 4630
9638 4631
9637 4632
9636 4633
9635 4634
9634 4635
9633 4636
9632 4637
9631 4638
9630 4639
9629 4640
9628 4641
9627 4642
9626 4643
9625 4644
9624 4645
9623 4646
9622 4647
9621 4648
9620 4649
9619 4650
9618 4651
9617 4652
9616 4653
9615 4654
9614 4655
9613 4656
9612 4657
9611 4658
9610 4659
9609 4660
9608 4661
9607 4662
9606 4663
9605 4664
9604 4665
9603 4666
9602 4667
9601 4668
9642 4628
9641 4629
9640 4630
9639 4631
9638 4632
9637 4633
9636 4634
9635 4635
9634 4636
9633 4637
9632 4638
9631 4639
9630 4640
9629 4641
9628 4642
9627 4643
9626 4644
9625 4645
9624 4646
9623 4647
9622 4648
9621 4649
9620 4650
9619 4651
9618 4652
9617 4653
9616 4654
9615 4655
9614 4656
9613 4657
9612 4658
9611 4659
9610 4660
9609 4661
9608 4662
9607 4663
9606 4664
9605 4665
9604 4666
9603 4667
9602 4668
9601 4669
9600 4670
9643 4628
9642 4629
9641 4630
9640 4631
9639 4632
9638 4633
9637 4634
9636 4635
9635 4636
9634 4637
9633 4638
9632 4639
9631 4640
9630 4641
9629 4642
9628 4643
9627 4644
9626 4645
9625 4646
9624 4647
9623 4648
9622 4649
9621 4650
9620 4651
9619 4652
9618 4653
9617 4654
9616 4655
9615 4656
9614 4657
9613 4658
9612 4659
9611 4660
9610 4661
9609 4662
9608 4663
9607 4664
9606 4665
9605 4666
9604 4667
9603 4668
9602 4669
9601 4670
9600 4671
9599 4672
9644 4628
9643 4629
9642 4630
9641 4631
9640 4632
9639 4633
9638 4634
9637 4635
9636 4636
9635 4637
9634 4638
9633 4639
9632 4640
9631 4641
9630 4642
9629 4643
9628 4644
9627 4645
9626 4646
9625 4647
9624 4648
9623 4649
9622 4650
9621 4651
9620 4652
9619 4653
9618 4654
9617 4655
9616 4656
9615 4657
9614 4658
9613 4659
9612 4660
9611 4661
9610 4662
9609 4663
9608 4664
9607 4665
9606 4666
9605 4667
9604 4668
9603 4669
9602 4670
9601 4671
9600 4672
9599 4673
9598 4674
9645 4628
9644 4629
9643 4630
9642 4631
9641 4632
9640 4633
9639 4634
9638 4635
9637 4636
9636 4637
9635 4638
9634 4639
9633 4640
9632 4641
9631 4642
9630 4643
9629 4644
9628 4645
9627 4646
9626 4647
9625 4648
9624 4649
9623 4650
9622 4651
9621 4652
9620 4653
9619 4654
9618 4655
9617 4656
9616 4657
9615 4658
9614 4659
9613 4660
9612 4661
9611 4662
9610 4663
9609 4664
9608 4665
9607 4666
9606 4667
9605 4668
9604 4669
9603 4670
9602 4671
9601 4672
9600 4673
9599 4674
9598 4675
9597 4676
9646 4628
9645 4629
9644 4630
9643 4631
9642 4632
9641 4633
9640 4634
9639 4635
9638 4636
9637 4637
9636 4638
9635 4639
9634 4640
9633 4641
9632 4642
9631 4643
9630 4644
9629 4645
9628 4646
9627 4647
9626 4648
9625 4649
9624 4650
9623 4651
9622 4652
9621 4653
9620 4654
9619 4655
9618 4656
9617 4657
9616 4658
9615 4659
9614 4660
9613 4661
9612 4662
9611 4663
9610 4664
9609 4665
9608 4666
9607 4667
9606 4668
9605 4669
9604 4670
9603 4671
9602 4672
9601 4673
9600 4674
9599 4675
9598 4676
9597 4677
9596 4678
9645 4630
9644 4631
9643 4632
9642 4633
9641 4634
9640 4635
9639 4636
9638 4637
9637 4638
9636 4639
9635 4640
9634 4641
9633 4642
9632 4643
9631 4644
9630 4645
9629 4646
9628 4647
9627 4648
9626 4649
9625 4650
9624 4651
9623 4652
9622 4653
9621 4654
9620 4655
9619 4656
9618 4657
9617 4658
9616 4659
9615 4660
9614 4661
9613 4662
9612 4663
9611 4664
9610 4665
9609 4666
9608 4667
9607 4668
9606 4669
9605 4670
9604 4671
9603 4672
9602 4673
9601 4674
9600 4675
9599 4676
9598 4677
9597 4678
9644 4632
9643 4633
9642 4634
9641 4635
9640 4636
9639 4637
9638 4638
9637 4639
9636 4640
9635 4641
9634 4642
9633 4643
9632 4644
9631 4645
9630 4646
9629 4647
9628 4648
9627 4649
9626 4650
9625 4651
9624 4652
9623 4653
9622 4654
9621 4655
9620 4656
9619 4657
9618 4658
9617 4659
9616 4660
9615 4661
9614 4662
9613 4663
9612 4664
9611 4665
9610 4666
9609 4667
9608 4668
9607 4669
9606 4670
9605 4671
9604 4672
9603 4673
9602 4674
9601 4675
9600 4676
9599 4677
9598 4678
9643 4634
9642 4635
9641 4636
9640 4637
9639 4638
9638 4639
9637 4640
9636 4641
9635 4642
9634 4643
9633 4644
9632 4645
9631 4646
9630 4647
9629 4648
9628 4649
9627 4650
9626 4651
9625 4652
9624 4653
9623 4654
9622 4655
9621 4656
9620 4657
9619 4658
9618 4659
9617 4660
9616 4661
9615 4662
9614 4663
9613 4664
9612 4665
9611 4666
9610 4667
9609 4668
9608 4669
9607 4670
9606 4671
9605 4672
9604 4673
9603 4674
9602 4675
9601 4676
9600 4677
9599 4678
9642 4636
9641 4637
9640 4638
9639 4639
9638 4640
9637 4641
9636 4642
9635 4643
9634 4644
9633 4645
9632 4646
9631 4647
9630 4648
9629 4649
9628 4650
9627 4651
9626 4652
9625 4653
9624 4654
9623 4655
9622 4656
9621 4657
9620 4658
9619 4659
9618 4660
9617 4661
9616 4662
9615 4663
9614 4664
9613 4665
9612 4666
9611 4667
9610 4668
9609 4669
9608 4670
9607 4671
9606 4672
9605 4673
9604 4674
9603 4675
9602 4676
9601 4677
9600 4678
9641 4638
9640 4639
9639 4640
9638 4641
9637 4642
9636 4643
9635 4644
9634 4645
9633 4646
9632 4647
9631 4648
9630 4649
9629 4650
9628 4651
9627 4652
9626 4653
9625 4654
9624 4655
9623 4656
9622 4657
9621 4658
9620 4659
9619 4660
9618 4661
9617 4662
9616 4663
9615 4664
9614 4665
9613 4666
9612 4667
9611 4668
9610 4669
9609 4670
9608 4671
9607 4672
9606 4673
9605 4674
9604 4675
9603 4676
9602 4677
9601 4678
9640 4640
9639 4641
9638 4642
9637 4643
9636 4644
9635 4645
9634 4646
9633 4647
9632 4648
9631 4649
9630 4650
9629 4651
9628 4652
9627 4653
9626 4654
9625 4655
9624 4656
9623 4657
9622 4658
9621 4659
9620 4660
9619 4661
9618 4662
9617 4663
9616 4664
9615 4665
9614 4666
9613 4667
9612 4668
9611 4669
9610 4670
9609 4671
9608 4672
9607 4673
9606 4674
9605 4675
9604 4676
9603 4677
9602 4678
9639 4642
9638 4643
9637 4644
9636 4645
9635 4646
9634 4647
9633 4648
9632 4649
9631 4650
9630 4651
9629 4652
9628 4653
9627 4654
9626 4655
9625 4656
9624 4657
9623 4658
9622 4659
9621 4660
9620 4661
9619 4662
9618 4663
9617 4664
9616 4665
9615 4666
9614 4667
9613 4668
9612 4669
9611 4670
9610 4671
9609 4672
9608 4673
9607 4674
9606 4675
9605 4676
9604 4677
9603 4678
9638 4644
9637 4645
9636 4646
9635 4647
9634 4648
9633 4649
9632 4650
9631 4651
9630 4652
9629 4653
9628 4654
9627 4655
9626 4656
9625 4657
9624 4658
9623 4659
9622 4660
9621 4661
9620 4662
9619 4663
9618 4664
9617 4665
9616 4666
9615 4667
9614 4668
9613 4669
9612 4670
9611 4671
9610 4672
9609 4673
9608 4674
9607 4675
9606 4676
9605 4677
9604 4678
9637 4646
9636 4647
9635 4648
9634 4649
9633 4650
9632 4651
9631 4652
9630 4653
9629 4654
9628 4655
9627 4656
9626 4657
9625 4658
9624 4659
9623 4660
9622 4661
9621 4662
9620 4663
9619 4664
9618 4665
9617 4666
9616 4667
9615 4668
9614 4669
9613 4670
9612 4671
9611 4672
9610 4673
9609 4674
9608 4675
9607 4676
9606 4677
9605 4678
9636 4648
9635 4649
9634 4650
9633 4651
9632 4652
9631 4653
9630 4654
9629 4655
9628 4656
9627 4657
9626 4658
9625 4659
9624 4660
9623 4661
9622 4662
9621 4663
9620 4664
9619 4665
9618 4666
9617 4667
9616 4668
9615 4669
9614 4670
9613 4671
9612 4672
9611 4673
9610 4674
9609 4675
9608 4676
9607 4677
9606 4678
9635 4650
9634 4651
9633 4652
9632 4653
9631 4654
9630 4655
9629 4656
9628 4657
9627 4658
9626 4659
9625 4660
9624 4661
9623 4662
9622 4663
9621 4664
9620 4665
9619 4666
9618 4667
9617 4668
9616 4669
9615 4670
9614 4671
9613 4672
9612 4673
9611 4674
9610 4675
9609 4676
9608 4677
9607 4678
9634 4652
9633 4653
9632 4654
9631 4655
9630 4656
9629 4657
9628 4658
9627 4659
9626 4660
9625 4661
9624 4662
9623 4663
9622 4664
9621 4665
9620 4666
9619 4667
9618 4668
9617 4669
9616 4670
9615 4671
9614 4672
9613 4673
9612 4674
9611 4675
9610 4676
9609 4677
9608 4678
9633 4654
9632 4655
9631 4656
9630 4657
9629 4658
9628 4659
9627 4660
9626 4661
9625 4662
9624 4663
9623 4664
9622 4665
9621 4666
9620 4667
9619 4668
9618 4669
9617 4670
9616 4671
9615 4672
9614 4673
9613 4674
9612 4675
9611 4676
9610 4677
9609 4678
9632 4656
9631 4657
9630 4658
9629 4659
9628 4660
9627 4661
9626 4662
9625 4663
9624 4664
9623 4665
9622 4666
9621 4667
9620 4668
9619 4669
9618 4670
9617 4671
9616 4672
9615 4673
9614 4674
9613 4675
9612 4676
9611 4677
9610 4678
9631 4658
9630 4659
9629 4660
9628 4661
9627 4662
9626 4663
9625 4664
9624 4665
9623 4666
9622 4667
9621 4668
9620 4669
9619 4670
9618 4671
9617 4672
9616 4673
9615 4674
9614 4675
9613 4676
9612 4677
9611 4678
9630 4660
9629 4661
9628 4662
9627 4663
9626 4664
9625 4665
9624 4666
9623 4667
9622 4668
9621 4669
9620 4670
9619 4671
9618 4672
9617 4673
9616 4674
9615 4675
9614 4676
9613 4677
9612 4678
9629 4662
9628 4663
9627 4664
9626 4665
9625 4666
9624 4667
9623 4668
9622 4669
9621 4670
9620 4671
9619 4672
9618 4673
9617 4674
9616 4675
9615 4676
9614 4677
9613 4678
9628 4664
9627 4665
9626 4666
9625 4667
9624 4668
9623 4669
9622 4670
9621 4671
9620 4672
9619 4673
9618 4674
9617 4675
9616 4676
9615 4677
9614 4678
9627 4666
9626 4667
9625 4668
9624 4669
9623 4670
9622 4671
9621 4672
9620 4673
9619 4674
9618 4675
9617 4676
9616 4677
9615 4678
9626 4668
9625 4669
9624 4670
9623 4671
9622 4672
9621 4673
9620 4674
9619 4675
9618 4676
9617 4677
9616 4678
9625 4670
9624 4671
9623 4672
9622 4673
9621 4674
9620 4675
9619 4676
9618 4677
9617 4678
9624 4672
9623 4673
9622 4674
9621 4675
9620 4676
9619 4677
9618 4678
9623 4674
9622 4675
9621 4676
9620 4677
9619 4678
9622 4676
9621 4677
9620 4678
9621 4678
25676 4628
25677 4628
25676 4629
25675 4630
25678 4628
25677 4629
25676 4630
25675 4631
25674 4632
25679 4628
25678 4629
25677 4630
25676 4631
25675 4632
25674 4633
25673 4634
25679 4629
25678 4630
25677 4631
25676 4632
25675 4633
25674 4634
25673 4635
25680 4629
25679 4630
25678 4631
25677 4632
25676 4633
25675 4634
25674 4635
25673 4636
25672 4637
25681 4629
25680 4630
25679 4631
25678 4632
25677 4633
25676 4634
25675 4635
25674 4636
25673 4637
25672 4638
25671 4639
25682 4629
25681 4630
25680 4631
25679 4632
25678 4633
25677 4634
25676 4635
25675 4636
25674 4637
25673 4638
25672 4639
25671 4640
25670 4641
25683 4629
25682 4630
25681 4631
25680 4632
25679 4633
25678 4634
25677 4635
25676 4636
25675 4637
25674 4638
25673 4639
25672 4640
25671 4641
25670 4642
25669 4643
25684 4629
25683 4630
25682 4631
25681 4632
25680 4633
25679 4634
25678 4635
25677 4636
25676 4637
25675 4638
25674 4639
25673 4640
25672 4641
25671 4642
25670 4643
25669 4644
25668 4645
25685 4629
25684 4630
25683 4631
25682 4632
25681 4633
25680 4634
25679 4635
25678 4636
25677 4637
25676 4638
25675 4639
25674 4640
25673 4641
25672 4642
25671 4643
25670 4644
25669 4645
25668 4646
25667 4647
25686 4629
25685 4630
25684 4631
25683 4632
25682 4633
25681 4634
25680 4635
25679 4636
25678 4637
25677 4638
25676 4639
25675 4640
25674 4641
25673 4642
25672 4643
25671 4644
25670 4645
25669 4646
25668 4647
25667 4648
25666 4649
25687 4629
25686 4630
25685 4631
25684 4632
25683 4633
25682 4634
25681 4635
25680 4636
25679 4637
25678 4638
25677 4639
25676 4640
25675 4641
25674 4642
25673 4643
25672 4644
25671 4645
25670 4646
25669 4647
25668 4648
25667 4649
25666 4650
25665 4651
25688 4629
25687 4630
25686 4631
25685 4632
25684 4633
25683 4634
25682 4635
25681 4636
25680 4637
25679 4638
25678 4639
25677 4640
25676 4641
25675 4642
25674 4643
25673 4644
25672 4645
25671 4646
25670 4647
25669 4648
25668 4649
25667 4650
25666 4651
25665 4652
25664 4653
25689 4629
25688 4630
25687 4631
25686 4632
25685 4633
25684 4634
25683 4635
25682 4636
25681 4637
25680 4638
25679 4639
25678 4640
25677 4641
25676 4642
25675 4643
25674 4644
25673 4645
25672 4646
25671 4647
25670 4648
25669 4649
25668 4650
25667 4651
25666 4652
25665 4653
25664 4654
25663 4655
25690 4629
25689 4630
25688 4631
25687 4632
25686 4633
25685 4634
25684 4635
25683 4636
25682 4637
25681 4638
25680 4639
25679 4640
25678 4641
25677 4642
25676 4643
25675 4644
25674 4645
25673 4646
25672 4647
25671 4648
25670 4649
25669 4650
25668 4651
25667 4652
25666 4653
25665 4654
25664 4655
25663 4656
25662 4657
25691 4629
25690 4630
25689 4631
25688 4632
25687 4633
25686 4634
25685 4635
25684 4636
25683 4637
25682 4638
25681 4639
25680 4640
25679 4641
25678 4642
25677 4643
25676 4644
25675 4645
25674 4646
25673 4647
25672 4648
25671 4649
25670 4650
25669 4651
25668 4652
25667 4653
25666 4654
25665 4655
25664 4656
25663 4657
25662 4658
25661 4659
25692 4629
25691 4630
25690 4631
25689 4632
25688 4633
25687 4634
25686 4635
25685 4636
25684 4637
25683 4638
25682 4639
25681 4640
25680 4641
25679 4642
25678 4643
25677 4644
25676 4645
25675 4646
25674 4647
25673 4648
25672 4649
25671 4650
25670 4651
25669 4652
25668 4653
25667 4654
25666 4655
25665 4656
25664 4657
25663 4658
25662 4659
25661 4660
25660 4661
25693 4629
25692 4630
25691 4631
25690 4632
25689 4633
25688 4634
25687 4635
25686 4636
25685 4637
25684 4638
25683 4639
25682 4640
25681 4641
25680 4642
25679 4643
25678 4644
25677 4645
25676 4646
25675 4647
25674 4648
25673 4649
25672 4650
25671 4651
25670 4652
25669 4653
25668 4654
25667 4655
25666 4656
25665 4657
25664 4658
25663 4659
25662 4660
25661 4661
25660 4662
25659 4663
25694 4629
25693 4630
25692 4631
25691 4632
25690 4633
25689 4634
25688 4635
25687 4636
25686 4637
25685 4638
25684 4639
25683 4640
25682 4641
25681 4642
25680 4643
25679 4644
25678 4645
25677 4646
25676 4647
25675 4648
25674 4649
25673 4650
25672 4651
25671 4652
25670 4653
25669 4654
25668 4655
25667 4656
25666 4657
25665 4658
25664 4659
25663 4660
25662 4661
25661 4662
25660 4663
25659 4664
25658 4665
25695 4629
25694 4630
25693 4631
25692 4632
25691 4633
25690 4634
25689 4635
25688 4636
25687 4637
25686 4638
25685 4639
25684 4640
25683 4641
25682 4642
25681 4643
25680 4644
25679 4645
25678 4646
25677 4647
25676 4648
25675 4649
25674 4650
25673 4651
25672 4652
25671 4653
25670 4654
25669 4655
25668 4656
25667 4657
25666 4658
25665 4659
25664 4660
25663 4661
25662 4662
25661 4663
25660 4664
25659 4665
25658 4666
25657 4667
25696 4629
25695 4630
25694 4631
25693 4632
25692 4633
25691 4634
25690 4635
25689 4636
25688 4637
25687 4638
25686 4639
25685 4640
25684 4641
25683 4642
25682 4643
25681 4644
25680 4645
25679 4646
25678 4647
25677 4648
25676 4649
25675 4650
25674 4651
25673 4652
25672 4653
25671 4654
25670 4655
25669 4656
25668 4657
25667 4658
25666 4659
25665 4660
25664 4661
25663 4662
25662 4663
25661 4664
25660 4665
25659 4666
25658 4667
25657 4668
25656 4669
25697 4629
25696 4630
25695 4631
25694 4632
25693 4633
25692 4634
25691 4635
25690 4636
25689 4637
25688 4638
25687 4639
25686 4640
25685 4641
25684 4642
25683 4643
25682 4644
25681 4645
25680 4646
25679 4647
25678 4648
25677 4649
25676 4650
25675 4651
25674 4652
25673 4653
25672 4654
25671 4655
25670 4656
25669 4657
25668 4658
25667 4659
25666 4660
25665 4661
25664 4662
25663 4663
25662 4664
25661 4665
25660 4666
25659 4667
25658 4668
25657 4669
25656 4670
25655 4671
25698 4629
25697 4630
25696 4631
25695 4632
25694 4633
25693 4634
25692 4635
25691 4636
25690 4637
25689 4638
25688 4639
25687 4640
25686 4641
25685 4642
25684 4643
25683 4644
25682 4645
25681 4646
25680 4647
25679 4648
25678 4649
25677 4650
25676 4651
25675 4652
25674 4653
25673 4654
25672 4655
25671 4656
25670 4657
25669 4658
25668 4659
25667 4660
25666 4661
25665 4662
25664 4663
25663 4664
25662 4665
25661 4666
25660 4667
25659 4668
25658 4669
25657 4670
25656 4671
25655 4672
25654 4673
25699 4629
25698 4630
25697 4631
25696 4632
25695 4633
25694 4634
25693 4635
25692 4636
25691 4637
25690 4638
25689 4639
25688 4640
25687 4641
25686 4642
25685 4643
25684 4644
25683 4645
25682 4646
25681 4647
25680 4648
25679 4649
25678 4650
25677 4651
25676 4652
25675 4653
25674 4654
25673 4655
25672 4656
25671 4657
25670 4658
25669 4659
25668 4660
25667 4661
25666 4662
25665 4663
25664 4664
25663 4665
25662 4666
25661 4667
25660 4668
25659 4669
25658 4670
25657 4671
25656 4672
25655 4673
25654 4674
25653 4675
25698 4631
25697 4632
25696 4633
25695 4634
25694 4635
25693 4636
25692 4637
25691 4638
25690 4639
25689 4640
25688 4641
25687 4642
25686 4643
25685 4644
25684 4645
25683 4646
25682 4647
25681 4648
25680 4649
25679 4650
25678 4651
25677 4652
25676 4653
25675 4654
25674 4655
25673 4656
25672 4657
25671 4658
25670 4659
25669 4660
25668 4661
25667 4662
25666 4663
25665 4664
25664 4665
25663 4666
25662 4667
25661 4668
25660 4669
25659 4670
25658 4671
25657 4672
25656 4673
25655 4674
25654 4675
25697 4633
25696 4634
25695 4635
25694 4636
25693 4637
25692 4638
25691 4639
25690 4640
25689 4641
25688 4642
25687 4643
25686 4644
25685 4645
25684 4646
25683 4647
25682 4648
25681 4649
25680 4650
25679 4651
25678 4652
25677 4653
25676 4654
25675 4655
25674 4656
25673 4657
25672 4658
25671 4659
25670 4660
25669 4661
25668 4662
25667 4663
25666 4664
25665 4665
25664 4666
25663 4667
25662 4668
25661 4669
25660 4670
25659 4671
25658 4672
25657 4673
25656 4674
25655 4675
25696 4635
25695 4636
25694 4637
25693 4638
25692 4639
25691 4640
25690 4641
25689 4642
25688 4643
25687 4644
25686 4645
25685 4646
25684 4647
25683 4648
25682 4649
25681 4650
25680 4651
25679 4652
25678 4653
25677 4654
25676 4655
25675 4656
25674 4657
25673 4658
25672 4659
25671 4660
25670 4661
25669 4662
25668 4663
25667 4664
25666 4665
25665 4666
25664 4667
25663 4668
25662 4669
25661 4670
25660 4671
25659 4672
25658 4673
25657 4674
25656 4675
25695 4637
25694 4638
25693 4639
25692 4640
25691 4641
25690 4642
25689 4643
25688 4644
25687 4645
25686 4646
25685 4647
25684 4648
25683 4649
25682 4650
25681 4651
25680 4652
25679 4653
25678 4654
25677 4655
25676 4656
25675 4657
25674 4658
25673 4659
25672 4660
25671 4661
25670 4662
25669 4663
25668 4664
25667 4665
25666 4666
25665 4667
25664 4668
25663 4669
25662 4670
25661 4671
25660 4672
25659 4673
25658 4674
25657 4675
25694 4639
25693 4640
25692 4641
25691 4642
25690 4643
25689 4644
25688 4645
25687 4646
25686 4647
25685 4648
25684 4649
25683 4650
25682 4651
25681 4652
25680 4653
25679 4654
25678 4655
25677 4656
25676 4657
25675 4658
25674 4659
25673 4660
25672 4661
25671 4662
25670 4663
25669 4664
25668 4665
25667 4666
25666 4667
25665 4668
25664 4669
25663 4670
25662 4671
25661 4672
25660 4673
25659 4674
25658 4675
25693 4641
25692 4642
25691 4643
25690 4644
25689 4645
25688 4646
25687 4647
25686 4648
25685 4649
25684 4650
25683 4651
25682 4652
25681 4653
25680 4654
25679 4655
25678 4656
25677 4657
25676 4658
25675 4659
25674 4660
25673 4661
25672 4662
25671 4663
25670 4664
25669 4665
25668 4666
25667 4667
25666 4668
25665 4669
25664 4670
25663 4671
25662 4672
25661 4673
25660 4674
25659 4675
25692 4643
25691 4644
25690 4645
25689 4646
25688 4647
25687 4648
25686 4649
25685 4650
25684 4651
25683 4652
25682 4653
25681 4654
25680 4655
25679 4656
25678 4657
25677 4658
25676 4659
25675 4660
25674 4661
25673 4662
25672 4663
25671 4664
25670 4665
25669 4666
25668 4667
25667 4668
25666 4669
25665 4670
25664 4671
25663 4672
25662 4673
25661 4674
25660 4675
25691 4645
25690 4646
25689 4647
25688 4648
25687 4649
25686 4650
25685 4651
25684 4652
25683 4653
25682 4654
25681 4655
25680 4656
25679 4657
25678 4658
25677 4659
25676 4660
25675 4661
25674 4662
25673 4663
25672 4664
25671 4665
25670 4666
25669 4667
25668 4668
25667 4669
25666 4670
25665 4671
25664 4672
25663 4673
25662 4674
25661 4675
25690 4647
25689 4648
25688 4649
25687 4650
25686 4651
25685 4652
25684 4653
25683 4654
25682 4655
25681 4656
25680 4657
25679 4658
25678 4659
25677 4660
25676 4661
25675 4662
25674 4663
25673 4664
25672 4665
25671 4666
25670 4667
25669 4668
25668 4669
25667 4670
25666 4671
25665 4672
25664 4673
25663 4674
25662 4675
25689 4649
25688 4650
25687 4651
25686 4652
25685 4653
25684 4654
25683 4655
25682 4656
25681 4657
25680 4658
25679 4659
25678 4660
25677 4661
25676 4662
25675 4663
25674 4664
25673 4665
25672 4666
25671 4667
25670 4668
25669 4669
25668 4670
25667 4671
25666 4672
25665 4673
25664 4674
25663 4675
25688 4651
25687 4652
25686 4653
25685 4654
25684 4655
25683 4656
25682 4657
25681 4658
25680 4659
25679 4660
25678 4661
25677 4662
25676 4663
25675 4664
25674 4665
25673 4666
25672 4667
25671 4668
25670 4669
25669 4670
25668 4671
25667 4672
25666 4673
25665 4674
25664 4675
25687 4653
25686 4654
25685 4655
25684 4656
25683 4657
25682 4658
25681 4659
25680 4660
25679 4661
25678 4662
25677 4663
25676 4664
25675 4665
25674 4666
25673 4667
25672 4668
25671 4669
25670 4670
25669 4671
25668 4672
25667 4673
25666 4674
25665 4675
25686 4655
25685 4656
25684 4657
25683 4658
25682 4659
25681 4660
25680 4661
25679 4662
25678 4663
25677 4664
25676 4665
25675 4666
25674 4667
25673 4668
25672 4669
25671 4670
25670 4671
25669 4672
25668 4673
25667 4674
25666 4675
25685 4657
25684 4658
25683 4659
25682 4660
25681 4661
25680 4662
25679 4663
25678 4664
25677 4665
25676 4666
25675 4667
25674 4668
25673 4669
25672 4670
25671 4671
25670 4672
25669 4673
25668 4674
25667 4675
25684 4659
25683 4660
25682 4661
25681 4662
25680 4663
25679 4664
25678 4665
25677 4666
25676 4667
25675 4668
25674 4669
25673 4670
25672 4671
25671 4672
25670 4673
25669 4674
25668 4675
25683 4661
25682 4662
25681 4663
25680 4664
25679 4665
25678 4666
25677 4667
25676 4668
25675 4669
25674 4670
25673 4671
25672 4672
25671 4673
25670 4674
25669 4675
25682 4663
25681 4664
25680 4665
25679 4666
25678 4667
25677 4668
25676 4669
25675 4670
25674 4671
25673 4672
25672 4673
25671 4674
25670 4675
25681 4665
25680 4666
25679 4667
25678 4668
25677 4669
25676 4670
25675 4671
25674 4672
25673 4673
25672 4674
25671 4675
25680 4667
25679 4668
25678 4669
25677 4670
25676 4671
25675 4672
25674 4673
25673 4674
25672 4675
25679 4669
25678 4670
25677 4671
25676 4672
25675 4673
25674 4674
25673 4675
25678 4671
25677 4672
25676 4673
25675 4674
25674 4675
25677 4673
25676 4674
25675 4675
25676 4675
35536 4629
35537 4629
35536 4630
35535 4631
35538 4629
35537 4630
35536 4631
35535 4632
35534 4633
35539 4629
35538 4630
35537 4631
35536 4632
35535 4633
35534 4634
35533 4635
35540 4629
35539 4630
35538 4631
35537 4632
35536 4633
35535 4634
35534 4635
35533 4636
35532 4637
35541 4629
35540 4630
35539 4631
35538 4632
35537 4633
35536 4634
35535 4635
35534 4636
35533 4637
35532 4638
35531 4639
35542 4629
35541 4630
35540 4631
35539 4632
35538 4633
35537 4634
35536 4635
35535 4636
35534 4637
35533 4638
35532 4639
35531 4640
35530 4641
35543 4629
35542 4630
35541 4631
35540 4632
35539 4633
35538 4634
35537 4635
35536 4636
35535 4637
35534 4638
35533 4639
35532 4640
35531 4641
35530 4642
35529 4643
35544 4629
35543 4630
35542 4631
35541 4632
35540 4633
35539 4634
35538 4635
35537 4636
35536 4637
35535 4638
35534 4639
35533 4640
35532 4641
35531 4642
35530 4643
35529 4644
35528 4645
35545 4629
35544 4630
35543 4631
35542 4632
35541 4633
35540 4634
35539 4635
35538 4636
35537 4637
35536 4638
35535 4639
35534 4640
35533 4641
35532 4642
35531 4643
35530 4644
35529 4645
35528 4646
35527 4647
35546 4629
35545 4630
35544 4631
35543 4632
35542 4633
35541 4634
35540 4635
35539 4636
35538 4637
35537 4638
35536 4639
35535 4640
35534 4641
35533 4642
35532 4643
35531 4644
35530 4645
35529 4646
35528 4647
35527 4648
35526 4649
35547 4629
35546 4630
35545 4631
35544 4632
35543 4633
35542 4634
35541 4635
35540 4636
35539 4637
35538 4638
35537 4639
35536 4640
35535 4641
35534 4642
35533 4643
35532 4644
35531 4645
35530 4646
35529 4647
35528 4648
35527 4649
35526 4650
35525 4651
35548 4629
35547 4630
35546 4631
35545 4632
35544 4633
35543 4634
35542 4635
35541 4636
35540 4637
35539 4638
35538 4639
35537 4640
35536 4641
35535 4642
35534 4643
35533 4644
35532 4645
35531 4646
35530 4647
35529 4648
35528 4649
35527 4650
35526 4651
35525 4652
35524 4653
35549 4629
35548 4630
35547 4631
35546 4632
35545 4633
35544 4634
35543 4635
35542 4636
35541 4637
35540 4638
35539 4639
35538 4640
35537 4641
35536 4642
35535 4643
35534 4644
35533 4645
35532 4646
35531 4647
35530 4648
35529 4649
35528 4650
35527 4651
35526 4652
35525 4653
35524 4654
35523 4655
35550 4629
35549 4630
35548 4631
35547 4632
35546 4633
35545 4634
35544 4635
35543 4636
35542 4637
35541 4638
35540 4639
35539 4640
35538 4641
35537 4642
35536 4643
35535 4644
35534 4645
35533 4646
35532 4647
35531 4648
35530 4649
35529 4650
35528 4651
35527 4652
35526 4653
35525 4654
35524 4655
35523 4656
35522 4657
35551 4629
35550 4630
35549 4631
35548 4632
35547 4633
35546 4634
35545 4635
35544 4636
35543 4637
35542 4638
35541 4639
35540 4640
35539 4641
35538 4642
35537 4643
35536 4644
35535 4645
35534 4646
35533 4647
35532 4648
35531 4649
35530 4650
35529 4651
35528 4652
35527 4653
35526 4654
35525 4655
35524 4656
35523 4657
35522 4658
35521 4659
35552 4629
35551 4630
35550 4631
35549 4632
35548 4633
35547 4634
35546 4635
35545 4636
35544 4637
35543 4638
35542 4639
35541 4640
35540 4641
35539 4642
35538 4643
35537 4644
35536 4645
35535 4646
35534 4647
35533 4648
35532 4649
35531 4650
35530 4651
35529 4652
35528 4653
35527 4654
35526 4655
35525 4656
35524 4657
35523 4658
35522 4659
35521 4660
35520 4661
35553 4629
35552 4630
35551 4631
35550 4632
35549 4633
35548 4634
35547 4635
35546 4636
35545 4637
35544 4638
35543 4639
35542 4640
35541 4641
35540 4642
35539 4643
35538 4644
35537 4645
35536 4646
35535 4647
35534 4648
35533 4649
35532 4650
35531 4651
35530 4652
35529 4653
35528 4654
35527 4655
35526 4656
35525 4657
35524 4658
35523 4659
35522 4660
35521 4661
35520 4662
35519 4663
35554 4629
35553 4630
35552 4631
35551 4632
35550 4633
35549 4634
35548 4635
35547 4636
35546 4637
35545 4638
35544 4639
35543 4640
35542 4641
35541 4642
35540 4643
35539 4644
35538 4645
35537 4646
35536 4647
35535 4648
35534 4649
35533 4650
35532 4651
35531 4652
35530 4653
35529 4654
35528 4655
35527 4656
35526 4657
35525 4658
35524 4659
35523 4660
35522 4661
35521 4662
35520 4663
35519 4664
35518 4665
35555 4629
35554 4630
35553 4631
35552 4632
35551 4633
35550 4634
35549 4635
35548 4636
35547 4637
35546 4638
35545 4639
35544 4640
35543 4641
35542 4642
35541 4643
35540 4644
35539 4645
35538 4646
35537 4647
35536 4648
35535 4649
35534 4650
35533 4651
35532 4652
35531 4653
35530 4654
35529 4655
35528 4656
35527 4657
35526 4658
35525 4659
35524 4660
35523 4661
35522 4662
35521 4663
35520 4664
35519 4665
35518 4666
35517 4667
35556 4629
35555 4630
35554 4631
35553 4632
35552 4633
35551 4634
35550 4635
35549 4636
35548 4637
35547 4638
35546 4639
35545 4640
35544 4641
35543 4642
35542 4643
35541 4644
35540 4645
35539 4646
35538 4647
35537 4648
35536 4649
35535 4650
35534 4651
35533 4652
35532 4653
35531 4654
35530 4655
35529 4656
35528 4657
35527 4658
35526 4659
35525 4660
35524 4661
35523 4662
35522 4663
35521 4664
35520 4665
35519 4666
35518 4667
35517 4668
35516 4669
35557 4629
35556 4630
35555 4631
35554 4632
35553 4633
35552 4634
35551 4635
35550 4636
35549 4637
35548 4638
35547 4639
35546 4640
35545 4641
35544 4642
35543 4643
35542 4644
35541 4645
35540 4646
35539 4647
35538 4648
35537 4649
35536 4650
35535 4651
35534 4652
35533 4653
35532 4654
35531 4655
35530 4656
35529 4657
35528 4658
35527 4659
35526 4660
35525 4661
35524 4662
35523 4663
35522 4664
35521 4665
35520 4666
35519 4667
35518 4668
35517 4669
35516 4670
35515 4671
35558 4629
35557 4630
35556 4631
35555 4632
35554 4633
35553 4634
35552 4635
35551 4636
35550 4637
35549 4638
35548 4639
35547 4640
35546 4641
35545 4642
35544 4643
35543 4644
35542 4645
35541 4646
35540 4647
35539 4648
35538 4649
35537 4650
35536 4651
35535 4652
35534 4653
35533 4654
35532 4655
35531 4656
35530 4657
35529 4658
35528 4659
35527 4660
35526 4661
35525 4662
35524 4663
35523 4664
35522 4665
35521 4666
35520 4667
35519 4668
35518 4669
35517 4670
35516 4671
35515 4672
35514 4673
35559 4629
35558 4630
35557 4631
35556 4632
35555 4633
35554 4634
35553 4635
35552 4636
35551 4637
35550 4638
35549 4639
35548 4640
35547 4641
35546 4642
35545 4643
35544 4644
35543 4645
35542 4646
35541 4647
35540 4648
35539 4649
35538 4650
35537 4651
35536 4652
35535 4653
35534 4654
35533 4655
35532 4656
35531 4657
35530 4658
35529 4659
35528 4660
35527 4661
35526 4662
35525 4663
35524 4664
35523 4665
35522 4666
35521 4667
35520 4668
35519 4669
35518 4670
35517 4671
35516 4672
35515 4673
35514 4674
35513 4675
35560 4629
35559 4630
35558 4631
35557 4632
35556 4633
35555 4634
35554 4635
35553 4636
35552 4637
35551 4638
35550 4639
35549 4640
35548 4641
35547 4642
35546 4643
35545 4644
35544 4645
35543 4646
35542 4647
35541 4648
35540 4649
35539 4650
35538 4651
35537 4652
35536 4653
35535 4654
35534 4655
35533 4656
35532 4657
35531 4658
35530 4659
35529 4660
35528 4661
35527 4662
35526 4663
35525 4664
35524 4665
35523 4666
35522 4667
35521 4668
35520 4669
35519 4670
35518 4671
35517 4672
35516 4673
35515 4674
35514 4675
35513 4676
35512 4677
35561 4629
35560 4630
35559 4631
35558 4632
35557 4633
35556 4634
35555 4635
35554 4636
35553 4637
35552 4638
35551 4639
35550 4640
35549 4641
35548 4642
35547 4643
35546 4644
35545 4645
35544 4646
35543 4647
35542 4648
35541 4649
35540 4650
35539 4651
35538 4652
35537 4653
35536 4654
35535 4655
35534 4656
35533 4657
35532 4658
35531 4659
35530 4660
35529 4661
35528 4662
35527 4663
35526 4664
35525 4665
35524 4666
35523 4667
35522 4668
35521 4669
35520 4670
35519 4671
35518 4672
35517 4673
35516 4674
35515 4675
35514 4676
35513 4677
35512 4678
35511 4679
35562 4629
35561 4630
35560 4631
35559 4632
35558 4633
35557 4634
35556 4635
35555 4636
35554 4637
35553 4638
35552 4639
35551 4640
35550 4641
35549 4642
35548 4643
35547 4644
35546 4645
35545 4646
35544 4647
35543 4648
35542 4649
35541 4650
35540 4651
35539 4652
35538 4653
35537 4654
35536 4655
35535 4656
35534 4657
35533 4658
35532 4659
35531 4660
35530 4661
35529 4662
35528 4663
35527 4664
35526 4665
35525 4666
35524 4667
35523 4668
35522 4669
35521 4670
35520 4671
35519 4672
35518 4673
35517 4674
35516 4675
35515 4676
35514 4677
35513 4678
35512 4679
35511 4680
35510 4681
35561 4631
35560 4632
35559 4633
35558 4634
35557 4635
35556 4636
35555 4637
35554 4638
35553 4639
35552 4640
35551 4641
35550 4642
35549 4643
35548 4644
35547 4645
35546 4646
35545 4647
35544 4648
35543 4649
35542 4650
35541 4651
35540 4652
35539 4653
35538 4654
35537 4655
35536 4656
35535 4657
35534 4658
35533 4659
35532 4660
35531 4661
35530 4662
35529 4663
35528 4664
35527 4665
35526 4666
35525 4667
35524 4668
35523 4669
35522 4670
35521 4671
35520 4672
35519 4673
35518 4674
35517 4675
35516 4676
35515 4677
35514 4678
35513 4679
35512 4680
35511 4681
35560 4633
35559 4634
35558 4635
35557 4636
35556 4637
35555 4638
35554 4639
35553 4640
35552 4641
35551 4642
35550 4643
35549 4644
35548 4645
35547 4646
35546 4647
35545 4648
35544 4649
35543 4650
35542 4651
35541 4652
35540 4653
35539 4654
35538 4655
35537 4656
35536 4657
35535 4658
35534 4659
35533 4660
35532 4661
35531 4662
35530 4663
35529 4664
35528 4665
35527 4666
35526 4667
35525 4668
35524 4669
35523 4670
35522 4671
35521 4672
35520 4673
35519 4674
35518 4675
35517 4676
35516 4677
35515 4678
35514 4679
35513 4680
35512 4681
35559 4635
35558 4636
35557 4637
35556 4638
35555 4639
35554 4640
35553 4641
35552 4642
35551 4643
35550 4644
35549 4645
35548 4646
35547 4647
35546 4648
35545 4649
35544 4650
35543 4651
35542 4652
35541 4653
35540 4654
35539 4655
35538 4656
35537 4657
35536 4658
35535 4659
35534 4660
35533 4661
35532 4662
35531 4663
35530 4664
35529 4665
35528 4666
35527 4667
35526 4668
35525 4669
35524 4670
35523 4671
35522 4672
35521 4673
35520 4674
35519 4675
35518 4676
35517 4677
35516 4678
35515 4679
35514 4680
35513 4681
35558 4637
35557 4638
35556 4639
35555 4640
35554 4641
35553 4642
35552 4643
35551 4644
35550 4645
35549 4646
35548 4647
35547 4648
35546 4649
35545 4650
35544 4651
35543 4652
35542 4653
35541 4654
35540 4655
35539 4656
35538 4657
35537 4658
35536 4659
35535 4660
35534 4661
35533 4662
35532 4663
35531 4664
35530 4665
35529 4666
35528 4667
35527 4668
35526 4669
35525 4670
35524 4671
35523 4672
35522 4673
35521 4674
35520 4675
35519 4676
35518 4677
35517 4678
35516 4679
35515 4680
35514 4681
35557 4639
35556 4640
35555 4641
35554 4642
35553 4643
35552 4644
35551 4645
35550 4646
35549 4647
35548 4648
35547 4649
35546 4650
35545 4651
35544 4652
35543 4653
35542 4654
35541 4655
35540 4656
35539 4657
35538 4658
35537 4659
35536 4660
35535 4661
35534 4662
35533 4663
35532 4664
35531 4665
35530 4666
35529 4667
35528 4668
35527 4669
35526 4670
35525 4671
35524 4672
35523 4673
35522 4674
35521 4675
35520 4676
35519 4677
35518 4678
35517 4679
35516 4680
35515 4681
35556 4641
35555 4642
35554 4643
35553 4644
35552 4645
35551 4646
35550 4647
35549 4648
35548 4649
35547 4650
35546 4651
35545 4652
35544 4653
35543 4654
35542 4655
35541 4656
35540 4657
35539 4658
35538 4659
35537 4660
35536 4661
35535 4662
35534 4663
35533 4664
35532 4665
35531 4666
35530 4667
35529 4668
35528 4669
35527 4670
35526 4671
35525 4672
35524 4673
35523 4674
35522 4675
35521 4676
35520 4677
35519 4678
35518 4679
35517 4680
35516 4681
35555 4643
35554 4644
35553 4645
35552 4646
35551 4647
35550 4648
35549 4649
35548 4650
35547 4651
35546 4652
35545 4653
35544 4654
35543 4655
35542 4656
35541 4657
35540 4658
35539 4659
35538 4660
35537 4661
35536 4662
35535 4663
35534 4664
35533 4665
35532 4666
35531 4667
35530 4668
35529 4669
35528 4670
35527 4671
35526 4672
35525 4673
35524 4674
35523 4675
35522 4676
35521 4677
35520 4678
35519 4679
35518 4680
35517 4681
35554 4645
35553 4646
35552 4647
35551 4648
35550 4649
35549 4650
35548 4651
35547 4652
35546 4653
35545 4654
35544 4655
35543 4656
35542 4657
35541 4658
35540 4659
35539 4660
35538 4661
35537 4662
35536 4663
35535 4664
35534 4665
35533 4666
35532 4667
35531 4668
35530 4669
35529 4670
35528 4671
35527 4672
35526 4673
35525 4674
35524 4675
35523 4676
35522 4677
35521 4678
35520 4679
35519 4680
35518 4681
35553 4647
35552 4648
35551 4649
35550 4650
35549 4651
35548 4652
35547 4653
35546 4654
35545 4655
35544 4656
35543 4657
35542 4658
35541 4659
35540 4660
35539 4661
35538 4662
35537 4663
35536 4664
35535 4665
35534 4666
35533 4667
35532 4668
35531 4669
35530 4670
35529 4671
35528 4672
35527 4673
35526 4674
35525 4675
35524 4676
35523 4677
35522 4678
35521 4679
35520 4680
35519 4681
35552 4649
35551 4650
35550 4651
35549 4652
35548 4653
35547 4654
35546 4655
35545 4656
35544 4657
35543 4658
35542 4659
35541 4660
35540 4661
35539 4662
35538 4663
35537 4664
35536 4665
35535 4666
35534 4667
35533 4668
35532 4669
35531 4670
35530 4671
35529 4672
35528 4673
35527 4674
35526 4675
35525 4676
35524 4677
35523 4678
35522 4679
35521 4680
35520 4681
35551 4651
35550 4652
35549 4653
35548 4654
35547 4655
35546 4656
35545 4657
35544 4658
35543 4659
35542 4660
35541 4661
35540 4662
35539 4663
35538 4664
35537 4665
35536 4666
35535 4667
35534 4668
35533 4669
35532 4670
35531 4671
35530 4672
35529 4673
35528 4674
35527 4675
35526 4676
35525 4677
35524 4678
35523 4679
35522 4680
35521 4681
35550 4653
35549 4654
35548 4655
35547 4656
35546 4657
35545 4658
35544 4659
35543 4660
35542 4661
35541 4662
35540 4663
35539 4664
35538 4665
35537 4666
35536 4667
35535 4668
35534 4669
35533 4670
35532 4671
35531 4672
35530 4673
35529 4674
35528 4675
35527 4676
35526 4677
35525 4678
35524 4679
35523 4680
35522 4681
35549 4655
35548 4656
35547 4657
35546 4658
35545 4659
35544 4660
35543 4661
35542 4662
35541 4663
35540 4664
35539 4665
35538 4666
35537 4667
35536 4668
35535 4669
35534 4670
35533 4671
35532 4672
35531 4673
35530 4674
35529 4675
35528 4676
35527 4677
35526 4678
35525 4679
35524 4680
35523 4681
35548 4657
35547 4658
35546 4659
35545 4660
35544 4661
35543 4662
35542 4663
35541 4664
35540 4665
35539 4666
35538 4667
35537 4668
35536 4669
35535 4670
35534 4671
35533 4672
35532 4673
35531 4674
35530 4675
35529 4676
35528 4677
35527 4678
35526 4679
35525 4680
35524 4681
35547 4659
35546 4660
35545 4661
35544 4662
35543 4663
35542 4664
35541 4665
35540 4666
35539 4667
35538 4668
35537 4669
35536 4670
35535 4671
35534 4672
35533 4673
35532 4674
35531 4675
35530 4676
35529 4677
35528 4678
35527 4679
35526 4680
35525 4681
35546 4661
35545 4662
35544 4663
35543 4664
35542 4665
35541 4666
35540 4667
35539 4668
35538 4669
35537 4670
35536 4671
35535 4672
35534 4673
35533 4674
35532 4675
35531 4676
35530 4677
35529 4678
35528 4679
35527 4680
35526 4681
35545 4663
35544 4664
35543 4665
35542 4666
35541 4667
35540 4668
35539 4669
35538 4670
35537 4671
35536 4672
35535 4673
35534 4674
35533 4675
35532 4676
35531 4677
35530 4678
35529 4679
35528 4680
35527 4681
35544 4665
35543 4666
35542 4667
35541 4668
35540 4669
35539 4670
35538 4671
35537 4672
35536 4673
35535 4674
35534 4675
35533 4676
35532 4677
35531 4678
35530 4679
35529 4680
35528 4681
35543 4667
35542 4668
35541 4669
35540 4670
35539 4671
35538 4672
35537 4673
35536 4674
35535 4675
35534 4676
35533 4677
35532 4678
35531 4679
35530 4680
35529 4681
35542 4669
35541 4670
35540 4671
35539 4672
35538 4673
35537 4674
35536 4675
35535 4676
35534 4677
35533 4678
35532 4679
35531 4680
35530 4681
35541 4671
35540 4672
35539 4673
35538 4674
35537 4675
35536 4676
35535 4677
35534 4678
35533 4679
35532 4680
35531 4681
35540 4673
35539 4674
35538 4675
35537 4676
35536 4677
35535 4678
35534 4679
35533 4680
35532 4681
35539 4675
35538 4676
35537 4677
35536 4678
35535 4679
35534 4680
35533 4681
35538 4677
35537 4678
35536 4679
35535 4680
35534 4681
35537 4679
35536 4680
35535 4681
35536 4681
