2602 4160
2603 4160
2602 4161
2601 4162
2604 4160
2603 4161
2602 4162
2601 4163
2600 4164
2605 4160
2604 4161
2603 4162
2602 4163
2601 4164
2600 4165
2599 4166
2606 4160
2605 4161
2604 4162
2603 4163
2602 4164
2601 4165
2600 4166
2599 4167
2598 4168
2607 4160
2606 4161
2605 4162
2604 4163
2603 4164
2602 4165
2601 4166
2600 4167
2599 4168
2598 4169
2597 4170
2608 4160
2607 4161
2606 4162
2605 4163
2604 4164
2603 4165
2602 4166
2601 4167
2600 4168
2599 4169
2598 4170
2597 4171
2596 4172
2609 4160
2608 4161
2607 4162
2606 4163
2605 4164
2604 4165
2603 4166
2602 4167
2601 4168
2600 4169
2599 4170
2598 4171
2597 4172
2596 4173
2595 4174
2610 4160
2609 4161
2608 4162
2607 4163
2606 4164
2605 4165
2604 4166
2603 4167
2602 4168
2601 4169
2600 4170
2599 4171
2598 4172
2597 4173
2596 4174
2595 4175
2594 4176
2611 4160
2610 4161
2609 4162
2608 4163
2607 4164
2606 4165
2605 4166
2604 4167
2603 4168
2602 4169
2601 4170
2600 4171
2599 4172
2598 4173
2597 4174
2596 4175
2595 4176
2594 4177
2593 4178
2612 4160
2611 4161
2610 4162
2609 4163
2608 4164
2607 4165
2606 4166
2605 4167
2604 4168
2603 4169
2602 4170
2601 4171
2600 4172
2599 4173
2598 4174
2597 4175
2596 4176
2595 4177
2594 4178
2593 4179
2592 4180
2613 4160
2612 4161
2611 4162
2610 4163
2609 4164
2608 4165
2607 4166
2606 4167
2605 4168
2604 4169
2603 4170
2602 4171
2601 4172
2600 4173
2599 4174
2598 4175
2597 4176
2596 4177
2595 4178
2594 4179
2593 4180
2592 4181
2591 4182
2614 4160
2613 4161
2612 4162
2611 4163
2610 4164
2609 4165
2608 4166
2607 4167
2606 4168
2605 4169
2604 4170
2603 4171
2602 4172
2601 4173
2600 4174
2599 4175
2598 4176
2597 4177
2596 4178
2595 4179
2594 4180
2593 4181
2592 4182
2591 4183
2590 4184
2615 4160
2614 4161
2613 4162
2612 4163
2611 4164
2610 4165
2609 4166
2608 4167
2607 4168
2606 4169
2605 4170
2604 4171
2603 4172
2602 4173
2601 4174
2600 4175
2599 4176
2598 4177
2597 4178
2596 4179
2595 4180
2594 4181
2593 4182
2592 4183
2591 4184
2590 4185
2589 4186
2616 4160
2615 4161
2614 4162
2613 4163
2612 4164
2611 4165
2610 4166
2609 4167
2608 4168
2607 4169
2606 4170
2605 4171
2604 4172
2603 4173
2602 4174
2601 4175
2600 4176
2599 4177
2598 4178
2597 4179
2596 4180
2595 4181
2594 4182
2593 4183
2592 4184
2591 4185
2590 4186
2589 4187
2588 4188
2617 4160
2616 4161
2615 4162
2614 4163
2613 4164
2612 4165
2611 4166
2610 4167
2609 4168
2608 4169
2607 4170
2606 4171
2605 4172
2604 4173
2603 4174
2602 4175
2601 4176
2600 4177
2599 4178
2598 4179
2597 4180
2596 4181
2595 4182
2594 4183
2593 4184
2592 4185
2591 4186
2590 4187
2589 4188
2588 4189
2587 4190
2618 4160
2617 4161
2616 4162
2615 4163
2614 4164
2613 4165
2612 4166
2611 4167
2610 4168
2609 4169
2608 4170
2607 4171
2606 4172
2605 4173
2604 4174
2603 4175
2602 4176
2601 4177
2600 4178
2599 4179
2598 4180
2597 4181
2596 4182
2595 4183
2594 4184
2593 4185
2592 4186
2591 4187
2590 4188
2589 4189
2588 4190
2587 4191
2586 4192
2619 4160
2618 4161
2617 4162
2616 4163
2615 4164
2614 4165
2613 4166
2612 4167
2611 4168
2610 4169
2609 4170
2608 4171
2607 4172
2606 4173
2605 4174
2604 4175
2603 4176
2602 4177
2601 4178
2600 4179
2599 4180
2598 4181
2597 4182
2596 4183
2595 4184
2594 4185
2593 4186
2592 4187
2591 4188
2590 4189
2589 4190
2588 4191
2587 4192
2586 4193
2585 4194
2620 4160
2619 4161
2618 4162
2617 4163
2616 4164
2615 4165
2614 4166
2613 4167
2612 4168
2611 4169
2610 4170
2609 4171
2608 4172
2607 4173
2606 4174
2605 4175
2604 4176
2603 4177
2602 4178
2601 4179
2600 4180
2599 4181
2598 4182
2597 4183
2596 4184
2595 4185
2594 4186
2593 4187
2592 4188
2591 4189
2590 4190
2589 4191
2588 4192
2587 4193
2586 4194
2585 4195
2584 4196
2621 4160
2620 4161
2619 4162
2618 4163
2617 4164
2616 4165
2615 4166
2614 4167
2613 4168
2612 4169
2611 4170
2610 4171
2609 4172
2608 4173
2607 4174
2606 4175
2605 4176
2604 4177
2603 4178
2602 4179
2601 4180
2600 4181
2599 4182
2598 4183
2597 4184
2596 4185
2595 4186
2594 4187
2593 4188
2592 4189
2591 4190
2590 4191
2589 4192
2588 4193
2587 4194
2586 4195
2585 4196
2584 4197
2583 4198
2622 4160
2621 4161
2620 4162
2619 4163
2618 4164
2617 4165
2616 4166
2615 4167
2614 4168
2613 4169
2612 4170
2611 4171
2610 4172
2609 4173
2608 4174
2607 4175
2606 4176
2605 4177
2604 4178
2603 4179
2602 4180
2601 4181
2600 4182
2599 4183
2598 4184
2597 4185
2596 4186
2595 4187
2594 4188
2593 4189
2592 4190
2591 4191
2590 4192
2589 4193
2588 4194
2587 4195
2586 4196
2585 4197
2584 4198
2583 4199
2582 4200
2623 4160
2622 4161
2621 4162
2620 4163
2619 4164
2618 4165
2617 4166
2616 4167
2615 4168
2614 4169
2613 4170
2612 4171
2611 4172
2610 4173
2609 4174
2608 4175
2607 4176
2606 4177
2605 4178
2604 4179
2603 4180
2602 4181
2601 4182
2600 4183
2599 4184
2598 4185
2597 4186
2596 4187
2595 4188
2594 4189
2593 4190
2592 4191
2591 4192
2590 4193
2589 4194
2588 4195
2587 4196
2586 4197
2585 4198
2584 4199
2583 4200
2582 4201
2581 4202
2624 4160
2623 4161
2622 4162
2621 4163
2620 4164
2619 4165
2618 4166
2617 4167
2616 4168
2615 4169
2614 4170
2613 4171
2612 4172
2611 4173
2610 4174
2609 4175
2608 4176
2607 4177
2606 4178
2605 4179
2604 4180
2603 4181
2602 4182
2601 4183
2600 4184
2599 4185
2598 4186
2597 4187
2596 4188
2595 4189
2594 4190
2593 4191
2592 4192
2591 4193
2590 4194
2589 4195
2588 4196
2587 4197
2586 4198
2585 4199
2584 4200
2583 4201
2582 4202
2581 4203
2580 4204
2625 4160
2624 4161
2623 4162
2622 4163
2621 4164
2620 4165
2619 4166
2618 4167
2617 4168
2616 4169
2615 4170
2614 4171
2613 4172
2612 4173
2611 4174
2610 4175
2609 4176
2608 4177
2607 4178
2606 4179
2605 4180
2604 4181
2603 4182
2602 4183
2601 4184
2600 4185
2599 4186
2598 4187
2597 4188
2596 4189
2595 4190
2594 4191
2593 4192
2592 4193
2591 4194
2590 4195
2589 4196
2588 4197
2587 4198
2586 4199
2585 4200
2584 4201
2583 4202
2582 4203
2581 4204
2580 4205
2579 4206
2626 4160
2625 4161
2624 4162
2623 4163
2622 4164
2621 4165
2620 4166
2619 4167
2618 4168
2617 4169
2616 4170
2615 4171
2614 4172
2613 4173
2612 4174
2611 4175
2610 4176
2609 4177
2608 4178
2607 4179
2606 4180
2605 4181
2604 4182
2603 4183
2602 4184
2601 4185
2600 4186
2599 4187
2598 4188
2597 4189
2596 4190
2595 4191
2594 4192
2593 4193
2592 4194
2591 4195
2590 4196
2589 4197
2588 4198
2587 4199
2586 4200
2585 4201
2584 4202
2583 4203
2582 4204
2581 4205
2580 4206
2579 4207
2578 4208
2625 4162
2624 4163
2623 4164
2622 4165
2621 4166
2620 4167
2619 4168
2618 4169
2617 4170
2616 4171
2615 4172
2614 4173
2613 4174
2612 4175
2611 4176
2610 4177
2609 4178
2608 4179
2607 4180
2606 4181
2605 4182
2604 4183
2603 4184
2602 4185
2601 4186
2600 4187
2599 4188
2598 4189
2597 4190
2596 4191
2595 4192
2594 4193
2593 4194
2592 4195
2591 4196
2590 4197
2589 4198
2588 4199
2587 4200
2586 4201
2585 4202
2584 4203
2583 4204
2582 4205
2581 4206
2580 4207
2579 4208
2624 4164
2623 4165
2622 4166
2621 4167
2620 4168
2619 4169
2618 4170
2617 4171
2616 4172
2615 4173
2614 4174
2613 4175
2612 4176
2611 4177
2610 4178
2609 4179
2608 4180
2607 4181
2606 4182
2605 4183
2604 4184
2603 4185
2602 4186
2601 4187
2600 4188
2599 4189
2598 4190
2597 4191
2596 4192
2595 4193
2594 4194
2593 4195
2592 4196
2591 4197
2590 4198
2589 4199
2588 4200
2587 4201
2586 4202
2585 4203
2584 4204
2583 4205
2582 4206
2581 4207
2580 4208
2623 4166
2622 4167
2621 4168
2620 4169
2619 4170
2618 4171
2617 4172
2616 4173
2615 4174
2614 4175
2613 4176
2612 4177
2611 4178
2610 4179
2609 4180
2608 4181
2607 4182
2606 4183
2605 4184
2604 4185
2603 4186
2602 4187
2601 4188
2600 4189
2599 4190
2598 4191
2597 4192
2596 4193
2595 4194
2594 4195
2593 4196
2592 4197
2591 4198
2590 4199
2589 4200
2588 4201
2587 4202
2586 4203
2585 4204
2584 4205
2583 4206
2582 4207
2581 4208
2622 4168
2621 4169
2620 4170
2619 4171
2618 4172
2617 4173
2616 4174
2615 4175
2614 4176
2613 4177
2612 4178
2611 4179
2610 4180
2609 4181
2608 4182
2607 4183
2606 4184
2605 4185
2604 4186
2603 4187
2602 4188
2601 4189
2600 4190
2599 4191
2598 4192
2597 4193
2596 4194
2595 4195
2594 4196
2593 4197
2592 4198
2591 4199
2590 4200
2589 4201
2588 4202
2587 4203
2586 4204
2585 4205
2584 4206
2583 4207
2582 4208
2621 4170
2620 4171
2619 4172
2618 4173
2617 4174
2616 4175
2615 4176
2614 4177
2613 4178
2612 4179
2611 4180
2610 4181
2609 4182
2608 4183
2607 4184
2606 4185
2605 4186
2604 4187
2603 4188
2602 4189
2601 4190
2600 4191
2599 4192
2598 4193
2597 4194
2596 4195
2595 4196
2594 4197
2593 4198
2592 4199
2591 4200
2590 4201
2589 4202
2588 4203
2587 4204
2586 4205
2585 4206
2584 4207
2583 4208
2620 4172
2619 4173
2618 4174
2617 4175
2616 4176
2615 4177
2614 4178
2613 4179
2612 4180
2611 4181
2610 4182
2609 4183
2608 4184
2607 4185
2606 4186
2605 4187
2604 4188
2603 4189
2602 4190
2601 4191
2600 4192
2599 4193
2598 4194
2597 4195
2596 4196
2595 4197
2594 4198
2593 4199
2592 4200
2591 4201
2590 4202
2589 4203
2588 4204
2587 4205
2586 4206
2585 4207
2584 4208
2619 4174
2618 4175
2617 4176
2616 4177
2615 4178
2614 4179
2613 4180
2612 4181
2611 4182
2610 4183
2609 4184
2608 4185
2607 4186
2606 4187
2605 4188
2604 4189
2603 4190
2602 4191
2601 4192
2600 4193
2599 4194
2598 4195
2597 4196
2596 4197
2595 4198
2594 4199
2593 4200
2592 4201
2591 4202
2590 4203
2589 4204
2588 4205
2587 4206
2586 4207
2585 4208
2618 4176
2617 4177
2616 4178
2615 4179
2614 4180
2613 4181
2612 4182
2611 4183
2610 4184
2609 4185
2608 4186
2607 4187
2606 4188
2605 4189
2604 4190
2603 4191
2602 4192
2601 4193
2600 4194
2599 4195
2598 4196
2597 4197
2596 4198
2595 4199
2594 4200
2593 4201
2592 4202
2591 4203
2590 4204
2589 4205
2588 4206
2587 4207
2586 4208
2617 4178
2616 4179
2615 4180
2614 4181
2613 4182
2612 4183
2611 4184
2610 4185
2609 4186
2608 4187
2607 4188
2606 4189
2605 4190
2604 4191
2603 4192
2602 4193
2601 4194
2600 4195
2599 4196
2598 4197
2597 4198
2596 4199
2595 4200
2594 4201
2593 4202
2592 4203
2591 4204
2590 4205
2589 4206
2588 4207
2587 4208
2616 4180
2615 4181
2614 4182
2613 4183
2612 4184
2611 4185
2610 4186
2609 4187
2608 4188
2607 4189
2606 4190
2605 4191
2604 4192
2603 4193
2602 4194
2601 4195
2600 4196
2599 4197
2598 4198
2597 4199
2596 4200
2595 4201
2594 4202
2593 4203
2592 4204
2591 4205
2590 4206
2589 4207
2588 4208
2615 4182
2614 4183
2613 4184
2612 4185
2611 4186
2610 4187
2609 4188
2608 4189
2607 4190
2606 4191
2605 4192
2604 4193
2603 4194
2602 4195
2601 4196
2600 4197
2599 4198
2598 4199
2597 4200
2596 4201
2595 4202
2594 4203
2593 4204
2592 4205
2591 4206
2590 4207
2589 4208
2614 4184
2613 4185
2612 4186
2611 4187
2610 4188
2609 4189
2608 4190
2607 4191
2606 4192
2605 4193
2604 4194
2603 4195
2602 4196
2601 4197
2600 4198
2599 4199
2598 4200
2597 4201
2596 4202
2595 4203
2594 4204
2593 4205
2592 4206
2591 4207
2590 4208
2613 4186
2612 4187
2611 4188
2610 4189
2609 4190
2608 4191
2607 4192
2606 4193
2605 4194
2604 4195
2603 4196
2602 4197
2601 4198
2600 4199
2599 4200
2598 4201
2597 4202
2596 4203
2595 4204
2594 4205
2593 4206
2592 4207
2591 4208
2612 4188
2611 4189
2610 4190
2609 4191
2608 4192
2607 4193
2606 4194
2605 4195
2604 4196
2603 4197
2602 4198
2601 4199
2600 4200
2599 4201
2598 4202
2597 4203
2596 4204
2595 4205
2594 4206
2593 4207
2592 4208
2611 4190
2610 4191
2609 4192
2608 4193
2607 4194
2606 4195
2605 4196
2604 4197
2603 4198
2602 4199
2601 4200
2600 4201
2599 4202
2598 4203
2597 4204
2596 4205
2595 4206
2594 4207
2593 4208
2610 4192
2609 4193
2608 4194
2607 4195
2606 4196
2605 4197
2604 4198
2603 4199
2602 4200
2601 4201
2600 4202
2599 4203
2598 4204
2597 4205
2596 4206
2595 4207
2594 4208
2609 4194
2608 4195
2607 4196
2606 4197
2605 4198
2604 4199
2603 4200
2602 4201
2601 4202
2600 4203
2599 4204
2598 4205
2597 4206
2596 4207
2595 4208
2608 4196
2607 4197
2606 4198
2605 4199
2604 4200
2603 4201
2602 4202
2601 4203
2600 4204
2599 4205
2598 4206
2597 4207
2596 4208
2607 4198
2606 4199
2605 4200
2604 4201
2603 4202
2602 4203
2601 4204
2600 4205
2599 4206
2598 4207
2597 4208
2606 4200
2605 4201
2604 4202
2603 4203
2602 4204
2601 4205
2600 4206
2599 4207
2598 4208
2605 4202
2604 4203
2603 4204
2602 4205
2601 4206
2600 4207
2599 4208
2604 4204
2603 4205
2602 4206
2601 4207
2600 4208
2603 4206
2602 4207
2601 4208
2602 4208
8676 4163
8677 4163
8676 4164
8675 4165
8678 4163
8677 4164
8676 4165
8675 4166
8674 4167
8679 4163
8678 4164
8677 4165
8676 4166
8675 4167
8674 4168
8673 4169
8680 4163
8679 4164
8678 4165
8677 4166
8676 4167
8675 4168
8674 4169
8673 4170
8672 4171
8681 4163
8680 4164
8679 4165
8678 4166
8677 4167
8676 4168
8675 4169
8674 4170
8673 4171
8672 4172
8671 4173
8683 4162
8682 4163
8681 4164
8680 4165
8679 4166
8678 4167
8677 4168
8676 4169
8675 4170
8674 4171
8673 4172
8672 4173
8671 4174
8670 4175
8684 4162
8683 4163
8682 4164
8681 4165
8680 4166
8679 4167
8678 4168
8677 4169
8676 4170
8675 4171
8674 4172
8673 4173
8672 4174
8671 4175
8670 4176
8669 4177
8685 4162
8684 4163
8683 4164
8682 4165
8681 4166
8680 4167
8679 4168
8678 4169
8677 4170
8676 4171
8675 4172
8674 4173
8673 4174
8672 4175
8671 4176
8670 4177
8669 4178
8668 4179
8686 4162
8685 4163
8684 4164
8683 4165
8682 4166
8681 4167
8680 4168
8679 4169
8678 4170
8677 4171
8676 4172
8675 4173
8674 4174
8673 4175
8672 4176
8671 4177
8670 4178
8669 4179
8668 4180
8667 4181
8687 4162
8686 4163
8685 4164
8684 4165
8683 4166
8682 4167
8681 4168
8680 4169
8679 4170
8678 4171
8677 4172
8676 4173
8675 4174
8674 4175
8673 4176
8672 4177
8671 4178
8670 4179
8669 4180
8668 4181
8667 4182
8666 4183
8688 4162
8687 4163
8686 4164
8685 4165
8684 4166
8683 4167
8682 4168
8681 4169
8680 4170
8679 4171
8678 4172
8677 4173
8676 4174
8675 4175
8674 4176
8673 4177
8672 4178
8671 4179
8670 4180
8669 4181
8668 4182
8667 4183
8666 4184
8665 4185
8689 4162
8688 4163
8687 4164
8686 4165
8685 4166
8684 4167
8683 4168
8682 4169
8681 4170
8680 4171
8679 4172
8678 4173
8677 4174
8676 4175
8675 4176
8674 4177
8673 4178
8672 4179
8671 4180
8670 4181
8669 4182
8668 4183
8667 4184
8666 4185
8665 4186
8664 4187
8690 4162
8689 4163
8688 4164
8687 4165
8686 4166
8685 4167
8684 4168
8683 4169
8682 4170
8681 4171
8680 4172
8679 4173
8678 4174
8677 4175
8676 4176
8675 4177
8674 4178
8673 4179
8672 4180
8671 4181
8670 4182
8669 4183
8668 4184
8667 4185
8666 4186
8665 4187
8664 4188
8663 4189
8691 4162
8690 4163
8689 4164
8688 4165
8687 4166
8686 4167
8685 4168
8684 4169
8683 4170
8682 4171
8681 4172
8680 4173
8679 4174
8678 4175
8677 4176
8676 4177
8675 4178
8674 4179
8673 4180
8672 4181
8671 4182
8670 4183
8669 4184
8668 4185
8667 4186
8666 4187
8665 4188
8664 4189
8663 4190
8662 4191
8692 4162
8691 4163
8690 4164
8689 4165
8688 4166
8687 4167
8686 4168
8685 4169
8684 4170
8683 4171
8682 4172
8681 4173
8680 4174
8679 4175
8678 4176
8677 4177
8676 4178
8675 4179
8674 4180
8673 4181
8672 4182
8671 4183
8670 4184
8669 4185
8668 4186
8667 4187
8666 4188
8665 4189
8664 4190
8663 4191
8662 4192
8661 4193
8693 4162
8692 4163
8691 4164
8690 4165
8689 4166
8688 4167
8687 4168
8686 4169
8685 4170
8684 4171
8683 4172
8682 4173
8681 4174
8680 4175
8679 4176
8678 4177
8677 4178
8676 4179
8675 4180
8674 4181
8673 4182
8672 4183
8671 4184
8670 4185
8669 4186
8668 4187
8667 4188
8666 4189
8665 4190
8664 4191
8663 4192
8662 4193
8661 4194
8660 4195
8694 4162
8693 4163
8692 4164
8691 4165
8690 4166
8689 4167
8688 4168
8687 4169
8686 4170
8685 4171
8684 4172
8683 4173
8682 4174
8681 4175
8680 4176
8679 4177
8678 4178
8677 4179
8676 4180
8675 4181
8674 4182
8673 4183
8672 4184
8671 4185
8670 4186
8669 4187
8668 4188
8667 4189
8666 4190
8665 4191
8664 4192
8663 4193
8662 4194
8661 4195
8660 4196
8659 4197
8695 4162
8694 4163
8693 4164
8692 4165
8691 4166
8690 4167
8689 4168
8688 4169
8687 4170
8686 4171
8685 4172
8684 4173
8683 4174
8682 4175
8681 4176
8680 4177
8679 4178
8678 4179
8677 4180
8676 4181
8675 4182
8674 4183
8673 4184
8672 4185
8671 4186
8670 4187
8669 4188
8668 4189
8667 4190
8666 4191
8665 4192
8664 4193
8663 4194
8662 4195
8661 4196
8660 4197
8659 4198
8658 4199
8696 4162
8695 4163
8694 4164
8693 4165
8692 4166
8691 4167
8690 4168
8689 4169
8688 4170
8687 4171
8686 4172
8685 4173
8684 4174
8683 4175
8682 4176
8681 4177
8680 4178
8679 4179
8678 4180
8677 4181
8676 4182
8675 4183
8674 4184
8673 4185
8672 4186
8671 4187
8670 4188
8669 4189
8668 4190
8667 4191
8666 4192
8665 4193
8664 4194
8663 4195
8662 4196
8661 4197
8660 4198
8659 4199
8658 4200
8657 4201
8656 4202
8697 4162
8696 4163
8695 4164
8694 4165
8693 4166
8692 4167
8691 4168
8690 4169
8689 4170
8688 4171
8687 4172
8686 4173
8685 4174
8684 4175
8683 4176
8682 4177
8681 4178
8680 4179
8679 4180
8678 4181
8677 4182
8676 4183
8675 4184
8674 4185
8673 4186
8672 4187
8671 4188
8670 4189
8669 4190
8668 4191
8667 4192
8666 4193
8665 4194
8664 4195
8663 4196
8662 4197
8661 4198
8660 4199
8659 4200
8658 4201
8657 4202
8656 4203
8655 4204
8698 4162
8697 4163
8696 4164
8695 4165
8694 4166
8693 4167
8692 4168
8691 4169
8690 4170
8689 4171
8688 4172
8687 4173
8686 4174
8685 4175
8684 4176
8683 4177
8682 4178
8681 4179
8680 4180
8679 4181
8678 4182
8677 4183
8676 4184
8675 4185
8674 4186
8673 4187
8672 4188
8671 4189
8670 4190
8669 4191
8668 4192
8667 4193
8666 4194
8665 4195
8664 4196
8663 4197
8662 4198
8661 4199
8660 4200
8659 4201
8658 4202
8657 4203
8656 4204
8655 4205
8654 4206
8699 4162
8698 4163
8697 4164
8696 4165
8695 4166
8694 4167
8693 4168
8692 4169
8691 4170
8690 4171
8689 4172
8688 4173
8687 4174
8686 4175
8685 4176
8684 4177
8683 4178
8682 4179
8681 4180
8680 4181
8679 4182
8678 4183
8677 4184
8676 4185
8675 4186
8674 4187
8673 4188
8672 4189
8671 4190
8670 4191
8669 4192
8668 4193
8667 4194
8666 4195
8665 4196
8664 4197
8663 4198
8662 4199
8661 4200
8660 4201
8659 4202
8658 4203
8657 4204
8656 4205
8655 4206
8654 4207
8653 4208
8700 4162
8699 4163
8698 4164
8697 4165
8696 4166
8695 4167
8694 4168
8693 4169
8692 4170
8691 4171
8690 4172
8689 4173
8688 4174
8687 4175
8686 4176
8685 4177
8684 4178
8683 4179
8682 4180
8681 4181
8680 4182
8679 4183
8678 4184
8677 4185
8676 4186
8675 4187
8674 4188
8673 4189
8672 4190
8671 4191
8670 4192
8669 4193
8668 4194
8667 4195
8666 4196
8665 4197
8664 4198
8663 4199
8662 4200
8661 4201
8660 4202
8659 4203
8658 4204
8657 4205
8656 4206
8655 4207
8654 4208
8653 4209
8652 4210
8701 4162
8700 4163
8699 4164
8698 4165
8697 4166
8696 4167
8695 4168
8694 4169
8693 4170
8692 4171
8691 4172
8690 4173
8689 4174
8688 4175
8687 4176
8686 4177
8685 4178
8684 4179
8683 4180
8682 4181
8681 4182
8680 4183
8679 4184
8678 4185
8677 4186
8676 4187
8675 4188
8674 4189
8673 4190
8672 4191
8671 4192
8670 4193
8669 4194
8668 4195
8667 4196
8666 4197
8665 4198
8664 4199
8663 4200
8662 4201
8661 4202
8660 4203
8659 4204
8658 4205
8657 4206
8656 4207
8655 4208
8654 4209
8653 4210
8652 4211
8651 4212
8702 4162
8701 4163
8700 4164
8699 4165
8698 4166
8697 4167
8696 4168
8695 4169
8694 4170
8693 4171
8692 4172
8691 4173
8690 4174
8689 4175
8688 4176
8687 4177
8686 4178
8685 4179
8684 4180
8683 4181
8682 4182
8681 4183
8680 4184
8679 4185
8678 4186
8677 4187
8676 4188
8675 4189
8674 4190
8673 4191
8672 4192
8671 4193
8670 4194
8669 4195
8668 4196
8667 4197
8666 4198
8665 4199
8664 4200
8663 4201
8662 4202
8661 4203
8660 4204
8659 4205
8658 4206
8657 4207
8656 4208
8655 4209
8654 4210
8653 4211
8652 4212
8651 4213
8650 4214
8703 4162
8702 4163
8701 4164
8700 4165
8699 4166
8698 4167
8697 4168
8696 4169
8695 4170
8694 4171
8693 4172
8692 4173
8691 4174
8690 4175
8689 4176
8688 4177
8687 4178
8686 4179
8685 4180
8684 4181
8683 4182
8682 4183
8681 4184
8680 4185
8679 4186
8678 4187
8677 4188
8676 4189
8675 4190
8674 4191
8673 4192
8672 4193
8671 4194
8670 4195
8669 4196
8668 4197
8667 4198
8666 4199
8665 4200
8664 4201
8663 4202
8662 4203
8661 4204
8660 4205
8659 4206
8658 4207
8657 4208
8656 4209
8655 4210
8654 4211
8653 4212
8652 4213
8651 4214
8650 4215
8649 4216
8702 4164
8701 4165
8700 4166
8699 4167
8698 4168
8697 4169
8696 4170
8695 4171
8694 4172
8693 4173
8692 4174
8691 4175
8690 4176
8689 4177
8688 4178
8687 4179
8686 4180
8685 4181
8684 4182
8683 4183
8682 4184
8681 4185
8680 4186
8679 4187
8678 4188
8677 4189
8676 4190
8675 4191
8674 4192
8673 4193
8672 4194
8671 4195
8670 4196
8669 4197
8668 4198
8667 4199
8666 4200
8665 4201
8664 4202
8663 4203
8662 4204
8661 4205
8660 4206
8659 4207
8658 4208
8657 4209
8656 4210
8655 4211
8654 4212
8653 4213
8652 4214
8651 4215
8650 4216
8701 4166
8700 4167
8699 4168
8698 4169
8697 4170
8696 4171
8695 4172
8694 4173
8693 4174
8692 4175
8691 4176
8690 4177
8689 4178
8688 4179
8687 4180
8686 4181
8685 4182
8684 4183
8683 4184
8682 4185
8681 4186
8680 4187
8679 4188
8678 4189
8677 4190
8676 4191
8675 4192
8674 4193
8673 4194
8672 4195
8671 4196
8670 4197
8669 4198
8668 4199
8667 4200
8666 4201
8665 4202
8664 4203
8663 4204
8662 4205
8661 4206
8660 4207
8659 4208
8658 4209
8657 4210
8656 4211
8655 4212
8654 4213
8653 4214
8652 4215
8651 4216
8700 4168
8699 4169
8698 4170
8697 4171
8696 4172
8695 4173
8694 4174
8693 4175
8692 4176
8691 4177
8690 4178
8689 4179
8688 4180
8687 4181
8686 4182
8685 4183
8684 4184
8683 4185
8682 4186
8681 4187
8680 4188
8679 4189
8678 4190
8677 4191
8676 4192
8675 4193
8674 4194
8673 4195
8672 4196
8671 4197
8670 4198
8669 4199
8668 4200
8667 4201
8666 4202
8665 4203
8664 4204
8663 4205
8662 4206
8661 4207
8660 4208
8659 4209
8658 4210
8657 4211
8656 4212
8655 4213
8654 4214
8653 4215
8652 4216
8699 4170
8698 4171
8697 4172
8696 4173
8695 4174
8694 4175
8693 4176
8692 4177
8691 4178
8690 4179
8689 4180
8688 4181
8687 4182
8686 4183
8685 4184
8684 4185
8683 4186
8682 4187
8681 4188
8680 4189
8679 4190
8678 4191
8677 4192
8676 4193
8675 4194
8674 4195
8673 4196
8672 4197
8671 4198
8670 4199
8669 4200
8668 4201
8667 4202
8666 4203
8665 4204
8664 4205
8663 4206
8662 4207
8661 4208
8660 4209
8659 4210
8658 4211
8657 4212
8656 4213
8655 4214
8654 4215
8653 4216
8698 4172
8697 4173
8696 4174
8695 4175
8694 4176
8693 4177
8692 4178
8691 4179
8690 4180
8689 4181
8688 4182
8687 4183
8686 4184
8685 4185
8684 4186
8683 4187
8682 4188
8681 4189
8680 4190
8679 4191
8678 4192
8677 4193
8676 4194
8675 4195
8674 4196
8673 4197
8672 4198
8671 4199
8670 4200
8669 4201
8668 4202
8667 4203
8666 4204
8665 4205
8664 4206
8663 4207
8662 4208
8661 4209
8660 4210
8659 4211
8658 4212
8657 4213
8656 4214
8655 4215
8654 4216
8697 4174
8696 4175
8695 4176
8694 4177
8693 4178
8692 4179
8691 4180
8690 4181
8689 4182
8688 4183
8687 4184
8686 4185
8685 4186
8684 4187
8683 4188
8682 4189
8681 4190
8680 4191
8679 4192
8678 4193
8677 4194
8676 4195
8675 4196
8674 4197
8673 4198
8672 4199
8671 4200
8670 4201
8669 4202
8668 4203
8667 4204
8666 4205
8665 4206
8664 4207
8663 4208
8662 4209
8661 4210
8660 4211
8659 4212
8658 4213
8657 4214
8656 4215
8655 4216
8696 4176
8695 4177
8694 4178
8693 4179
8692 4180
8691 4181
8690 4182
8689 4183
8688 4184
8687 4185
8686 4186
8685 4187
8684 4188
8683 4189
8682 4190
8681 4191
8680 4192
8679 4193
8678 4194
8677 4195
8676 4196
8675 4197
8674 4198
8673 4199
8672 4200
8671 4201
8670 4202
8669 4203
8668 4204
8667 4205
8666 4206
8665 4207
8664 4208
8663 4209
8662 4210
8661 4211
8660 4212
8659 4213
8658 4214
8657 4215
8656 4216
8695 4178
8694 4179
8693 4180
8692 4181
8691 4182
8690 4183
8689 4184
8688 4185
8687 4186
8686 4187
8685 4188
8684 4189
8683 4190
8682 4191
8681 4192
8680 4193
8679 4194
8678 4195
8677 4196
8676 4197
8675 4198
8674 4199
8673 4200
8672 4201
8671 4202
8670 4203
8669 4204
8668 4205
8667 4206
8666 4207
8665 4208
8664 4209
8663 4210
8662 4211
8661 4212
8660 4213
8659 4214
8658 4215
8694 4180
8693 4181
8692 4182
8691 4183
8690 4184
8689 4185
8688 4186
8687 4187
8686 4188
8685 4189
8684 4190
8683 4191
8682 4192
8681 4193
8680 4194
8679 4195
8678 4196
8677 4197
8676 4198
8675 4199
8674 4200
8673 4201
8672 4202
8671 4203
8670 4204
8669 4205
8668 4206
8667 4207
8666 4208
8665 4209
8664 4210
8663 4211
8662 4212
8661 4213
8660 4214
8659 4215
8693 4182
8692 4183
8691 4184
8690 4185
8689 4186
8688 4187
8687 4188
8686 4189
8685 4190
8684 4191
8683 4192
8682 4193
8681 4194
8680 4195
8679 4196
8678 4197
8677 4198
8676 4199
8675 4200
8674 4201
8673 4202
8672 4203
8671 4204
8670 4205
8669 4206
8668 4207
8667 4208
8666 4209
8665 4210
8664 4211
8663 4212
8662 4213
8661 4214
8660 4215
8692 4184
8691 4185
8690 4186
8689 4187
8688 4188
8687 4189
8686 4190
8685 4191
8684 4192
8683 4193
8682 4194
8681 4195
8680 4196
8679 4197
8678 4198
8677 4199
8676 4200
8675 4201
8674 4202
8673 4203
8672 4204
8671 4205
8670 4206
8669 4207
8668 4208
8667 4209
8666 4210
8665 4211
8664 4212
8663 4213
8662 4214
8661 4215
8691 4186
8690 4187
8689 4188
8688 4189
8687 4190
8686 4191
8685 4192
8684 4193
8683 4194
8682 4195
8681 4196
8680 4197
8679 4198
8678 4199
8677 4200
8676 4201
8675 4202
8674 4203
8673 4204
8672 4205
8671 4206
8670 4207
8669 4208
8668 4209
8667 4210
8666 4211
8665 4212
8664 4213
8663 4214
8662 4215
8690 4188
8689 4189
8688 4190
8687 4191
8686 4192
8685 4193
8684 4194
8683 4195
8682 4196
8681 4197
8680 4198
8679 4199
8678 4200
8677 4201
8676 4202
8675 4203
8674 4204
8673 4205
8672 4206
8671 4207
8670 4208
8669 4209
8668 4210
8667 4211
8666 4212
8665 4213
8664 4214
8663 4215
8689 4190
8688 4191
8687 4192
8686 4193
8685 4194
8684 4195
8683 4196
8682 4197
8681 4198
8680 4199
8679 4200
8678 4201
8677 4202
8676 4203
8675 4204
8674 4205
8673 4206
8672 4207
8671 4208
8670 4209
8669 4210
8668 4211
8667 4212
8666 4213
8665 4214
8664 4215
8688 4192
8687 4193
8686 4194
8685 4195
8684 4196
8683 4197
8682 4198
8681 4199
8680 4200
8679 4201
8678 4202
8677 4203
8676 4204
8675 4205
8674 4206
8673 4207
8672 4208
8671 4209
8670 4210
8669 4211
8668 4212
8667 4213
8666 4214
8665 4215
8687 4194
8686 4195
8685 4196
8684 4197
8683 4198
8682 4199
8681 4200
8680 4201
8679 4202
8678 4203
8677 4204
8676 4205
8675 4206
8674 4207
8673 4208
8672 4209
8671 4210
8670 4211
8669 4212
8668 4213
8667 4214
8666 4215
8686 4196
8685 4197
8684 4198
8683 4199
8682 4200
8681 4201
8680 4202
8679 4203
8678 4204
8677 4205
8676 4206
8675 4207
8674 4208
8673 4209
8672 4210
8671 4211
8670 4212
8669 4213
8668 4214
8667 4215
8685 4198
8684 4199
8683 4200
8682 4201
8681 4202
8680 4203
8679 4204
8678 4205
8677 4206
8676 4207
8675 4208
8674 4209
8673 4210
8672 4211
8671 4212
8670 4213
8669 4214
8668 4215
8684 4200
8683 4201
8682 4202
8681 4203
8680 4204
8679 4205
8678 4206
8677 4207
8676 4208
8675 4209
8674 4210
8673 4211
8672 4212
8671 4213
8670 4214
8669 4215
8683 4202
8682 4203
8681 4204
8680 4205
8679 4206
8678 4207
8677 4208
8676 4209
8675 4210
8674 4211
8673 4212
8672 4213
8671 4214
8670 4215
8681 4205
8680 4206
8679 4207
8678 4208
8677 4209
8676 4210
8675 4211
8674 4212
8673 4213
8672 4214
8671 4215
8680 4207
8679 4208
8678 4209
8677 4210
8676 4211
8675 4212
8674 4213
8673 4214
8672 4215
8679 4209
8678 4210
8677 4211
8676 4212
8675 4213
8674 4214
8673 4215
8678 4211
8677 4212
8676 4213
8675 4214
8674 4215
8677 4213
8676 4214
8675 4215
8676 4215
32260 4163
32261 4163
32260 4164
32259 4165
32262 4163
32261 4164
32260 4165
32259 4166
32258 4167
32263 4163
32262 4164
32261 4165
32260 4166
32259 4167
32258 4168
32257 4169
32264 4163
32263 4164
32262 4165
32261 4166
32260 4167
32259 4168
32258 4169
32257 4170
32256 4171
32265 4163
32264 4164
32263 4165
32262 4166
32261 4167
32260 4168
32259 4169
32258 4170
32257 4171
32256 4172
32255 4173
32266 4163
32265 4164
32264 4165
32263 4166
32262 4167
32261 4168
32260 4169
32259 4170
32258 4171
32257 4172
32256 4173
32255 4174
32254 4175
32267 4163
32266 4164
32265 4165
32264 4166
32263 4167
32262 4168
32261 4169
32260 4170
32259 4171
32258 4172
32257 4173
32256 4174
32255 4175
32254 4176
32253 4177
32268 4163
32267 4164
32266 4165
32265 4166
32264 4167
32263 4168
32262 4169
32261 4170
32260 4171
32259 4172
32258 4173
32257 4174
32256 4175
32255 4176
32254 4177
32253 4178
32252 4179
32269 4163
32268 4164
32267 4165
32266 4166
32265 4167
32264 4168
32263 4169
32262 4170
32261 4171
32260 4172
32259 4173
32258 4174
32257 4175
32256 4176
32255 4177
32254 4178
32253 4179
32252 4180
32251 4181
32270 4163
32269 4164
32268 4165
32267 4166
32266 4167
32265 4168
32264 4169
32263 4170
32262 4171
32261 4172
32260 4173
32259 4174
32258 4175
32257 4176
32256 4177
32255 4178
32254 4179
32253 4180
32252 4181
32251 4182
32250 4183
32271 4163
32270 4164
32269 4165
32268 4166
32267 4167
32266 4168
32265 4169
32264 4170
32263 4171
32262 4172
32261 4173
32260 4174
32259 4175
32258 4176
32257 4177
32256 4178
32255 4179
32254 4180
32253 4181
32252 4182
32251 4183
32250 4184
32249 4185
32272 4163
32271 4164
32270 4165
32269 4166
32268 4167
32267 4168
32266 4169
32265 4170
32264 4171
32263 4172
32262 4173
32261 4174
32260 4175
32259 4176
32258 4177
32257 4178
32256 4179
32255 4180
32254 4181
32253 4182
32252 4183
32251 4184
32250 4185
32249 4186
32248 4187
32273 4163
32272 4164
32271 4165
32270 4166
32269 4167
32268 4168
32267 4169
32266 4170
32265 4171
32264 4172
32263 4173
32262 4174
32261 4175
32260 4176
32259 4177
32258 4178
32257 4179
32256 4180
32255 4181
32254 4182
32253 4183
32252 4184
32251 4185
32250 4186
32249 4187
32248 4188
32247 4189
32274 4163
32273 4164
32272 4165
32271 4166
32270 4167
32269 4168
32268 4169
32267 4170
32266 4171
32265 4172
32264 4173
32263 4174
32262 4175
32261 4176
32260 4177
32259 4178
32258 4179
32257 4180
32256 4181
32255 4182
32254 4183
32253 4184
32252 4185
32251 4186
32250 4187
32249 4188
32248 4189
32247 4190
32246 4191
32275 4163
32274 4164
32273 4165
32272 4166
32271 4167
32270 4168
32269 4169
32268 4170
32267 4171
32266 4172
32265 4173
32264 4174
32263 4175
32262 4176
32261 4177
32260 4178
32259 4179
32258 4180
32257 4181
32256 4182
32255 4183
32254 4184
32253 4185
32252 4186
32251 4187
32250 4188
32249 4189
32248 4190
32247 4191
32246 4192
32245 4193
32276 4163
32275 4164
32274 4165
32273 4166
32272 4167
32271 4168
32270 4169
32269 4170
32268 4171
32267 4172
32266 4173
32265 4174
32264 4175
32263 4176
32262 4177
32261 4178
32260 4179
32259 4180
32258 4181
32257 4182
32256 4183
32255 4184
32254 4185
32253 4186
32252 4187
32251 4188
32250 4189
32249 4190
32248 4191
32247 4192
32246 4193
32245 4194
32244 4195
32277 4163
32276 4164
32275 4165
32274 4166
32273 4167
32272 4168
32271 4169
32270 4170
32269 4171
32268 4172
32267 4173
32266 4174
32265 4175
32264 4176
32263 4177
32262 4178
32261 4179
32260 4180
32259 4181
32258 4182
32257 4183
32256 4184
32255 4185
32254 4186
32253 4187
32252 4188
32251 4189
32250 4190
32249 4191
32248 4192
32247 4193
32246 4194
32245 4195
32244 4196
32243 4197
32278 4163
32277 4164
32276 4165
32275 4166
32274 4167
32273 4168
32272 4169
32271 4170
32270 4171
32269 4172
32268 4173
32267 4174
32266 4175
32265 4176
32264 4177
32263 4178
32262 4179
32261 4180
32260 4181
32259 4182
32258 4183
32257 4184
32256 4185
32255 4186
32254 4187
32253 4188
32252 4189
32251 4190
32250 4191
32249 4192
32248 4193
32247 4194
32246 4195
32245 4196
32244 4197
32243 4198
32242 4199
32279 4163
32278 4164
32277 4165
32276 4166
32275 4167
32274 4168
32273 4169
32272 4170
32271 4171
32270 4172
32269 4173
32268 4174
32267 4175
32266 4176
32265 4177
32264 4178
32263 4179
32262 4180
32261 4181
32260 4182
32259 4183
32258 4184
32257 4185
32256 4186
32255 4187
32254 4188
32253 4189
32252 4190
32251 4191
32250 4192
32249 4193
32248 4194
32247 4195
32246 4196
32245 4197
32244 4198
32243 4199
32242 4200
32241 4201
32281 4162
32280 4163
32279 4164
32278 4165
32277 4166
32276 4167
32275 4168
32274 4169
32273 4170
32272 4171
32271 4172
32270 4173
32269 4174
32268 4175
32267 4176
32266 4177
32265 4178
32264 4179
32263 4180
32262 4181
32261 4182
32260 4183
32259 4184
32258 4185
32257 4186
32256 4187
32255 4188
32254 4189
32253 4190
32252 4191
32251 4192
32250 4193
32249 4194
32248 4195
32247 4196
32246 4197
32245 4198
32244 4199
32243 4200
32242 4201
32241 4202
32240 4203
32282 4162
32281 4163
32280 4164
32279 4165
32278 4166
32277 4167
32276 4168
32275 4169
32274 4170
32273 4171
32272 4172
32271 4173
32270 4174
32269 4175
32268 4176
32267 4177
32266 4178
32265 4179
32264 4180
32263 4181
32262 4182
32261 4183
32260 4184
32259 4185
32258 4186
32257 4187
32256 4188
32255 4189
32254 4190
32253 4191
32252 4192
32251 4193
32250 4194
32249 4195
32248 4196
32247 4197
32246 4198
32245 4199
32244 4200
32243 4201
32242 4202
32241 4203
32240 4204
32239 4205
32281 4164
32280 4165
32279 4166
32278 4167
32277 4168
32276 4169
32275 4170
32274 4171
32273 4172
32272 4173
32271 4174
32270 4175
32269 4176
32268 4177
32267 4178
32266 4179
32265 4180
32264 4181
32263 4182
32262 4183
32261 4184
32260 4185
32259 4186
32258 4187
32257 4188
32256 4189
32255 4190
32254 4191
32253 4192
32252 4193
32251 4194
32250 4195
32249 4196
32248 4197
32247 4198
32246 4199
32245 4200
32244 4201
32243 4202
32242 4203
32241 4204
32240 4205
32279 4167
32278 4168
32277 4169
32276 4170
32275 4171
32274 4172
32273 4173
32272 4174
32271 4175
32270 4176
32269 4177
32268 4178
32267 4179
32266 4180
32265 4181
32264 4182
32263 4183
32262 4184
32261 4185
32260 4186
32259 4187
32258 4188
32257 4189
32256 4190
32255 4191
32254 4192
32253 4193
32252 4194
32251 4195
32250 4196
32249 4197
32248 4198
32247 4199
32246 4200
32245 4201
32244 4202
32243 4203
32242 4204
32241 4205
32278 4169
32277 4170
32276 4171
32275 4172
32274 4173
32273 4174
32272 4175
32271 4176
32270 4177
32269 4178
32268 4179
32267 4180
32266 4181
32265 4182
32264 4183
32263 4184
32262 4185
32261 4186
32260 4187
32259 4188
32258 4189
32257 4190
32256 4191
32255 4192
32254 4193
32253 4194
32252 4195
32251 4196
32250 4197
32249 4198
32248 4199
32247 4200
32246 4201
32245 4202
32244 4203
32243 4204
32242 4205
32277 4171
32276 4172
32275 4173
32274 4174
32273 4175
32272 4176
32271 4177
32270 4178
32269 4179
32268 4180
32267 4181
32266 4182
32265 4183
32264 4184
32263 4185
32262 4186
32261 4187
32260 4188
32259 4189
32258 4190
32257 4191
32256 4192
32255 4193
32254 4194
32253 4195
32252 4196
32251 4197
32250 4198
32249 4199
32248 4200
32247 4201
32246 4202
32245 4203
32244 4204
32243 4205
32276 4173
32275 4174
32274 4175
32273 4176
32272 4177
32271 4178
32270 4179
32269 4180
32268 4181
32267 4182
32266 4183
32265 4184
32264 4185
32263 4186
32262 4187
32261 4188
32260 4189
32259 4190
32258 4191
32257 4192
32256 4193
32255 4194
32254 4195
32253 4196
32252 4197
32251 4198
32250 4199
32249 4200
32248 4201
32247 4202
32246 4203
32245 4204
32244 4205
32275 4175
32274 4176
32273 4177
32272 4178
32271 4179
32270 4180
32269 4181
32268 4182
32267 4183
32266 4184
32265 4185
32264 4186
32263 4187
32262 4188
32261 4189
32260 4190
32259 4191
32258 4192
32257 4193
32256 4194
32255 4195
32254 4196
32253 4197
32252 4198
32251 4199
32250 4200
32249 4201
32248 4202
32247 4203
32246 4204
32245 4205
32274 4177
32273 4178
32272 4179
32271 4180
32270 4181
32269 4182
32268 4183
32267 4184
32266 4185
32265 4186
32264 4187
32263 4188
32262 4189
32261 4190
32260 4191
32259 4192
32258 4193
32257 4194
32256 4195
32255 4196
32254 4197
32253 4198
32252 4199
32251 4200
32250 4201
32249 4202
32248 4203
32247 4204
32246 4205
32273 4179
32272 4180
32271 4181
32270 4182
32269 4183
32268 4184
32267 4185
32266 4186
32265 4187
32264 4188
32263 4189
32262 4190
32261 4191
32260 4192
32259 4193
32258 4194
32257 4195
32256 4196
32255 4197
32254 4198
32253 4199
32252 4200
32251 4201
32250 4202
32249 4203
32248 4204
32247 4205
32272 4181
32271 4182
32270 4183
32269 4184
32268 4185
32267 4186
32266 4187
32265 4188
32264 4189
32263 4190
32262 4191
32261 4192
32260 4193
32259 4194
32258 4195
32257 4196
32256 4197
32255 4198
32254 4199
32253 4200
32252 4201
32251 4202
32250 4203
32249 4204
32248 4205
32271 4183
32270 4184
32269 4185
32268 4186
32267 4187
32266 4188
32265 4189
32264 4190
32263 4191
32262 4192
32261 4193
32260 4194
32259 4195
32258 4196
32257 4197
32256 4198
32255 4199
32254 4200
32253 4201
32252 4202
32251 4203
32250 4204
32249 4205
32270 4185
32269 4186
32268 4187
32267 4188
32266 4189
32265 4190
32264 4191
32263 4192
32262 4193
32261 4194
32260 4195
32259 4196
32258 4197
32257 4198
32256 4199
32255 4200
32254 4201
32253 4202
32252 4203
32251 4204
32250 4205
32269 4187
32268 4188
32267 4189
32266 4190
32265 4191
32264 4192
32263 4193
32262 4194
32261 4195
32260 4196
32259 4197
32258 4198
32257 4199
32256 4200
32255 4201
32254 4202
32253 4203
32252 4204
32251 4205
32268 4189
32267 4190
32266 4191
32265 4192
32264 4193
32263 4194
32262 4195
32261 4196
32260 4197
32259 4198
32258 4199
32257 4200
32256 4201
32255 4202
32254 4203
32253 4204
32252 4205
32267 4191
32266 4192
32265 4193
32264 4194
32263 4195
32262 4196
32261 4197
32260 4198
32259 4199
32258 4200
32257 4201
32256 4202
32255 4203
32254 4204
32253 4205
32266 4193
32265 4194
32264 4195
32263 4196
32262 4197
32261 4198
32260 4199
32259 4200
32258 4201
32257 4202
32256 4203
32255 4204
32254 4205
32265 4195
32264 4196
32263 4197
32262 4198
32261 4199
32260 4200
32259 4201
32258 4202
32257 4203
32256 4204
32255 4205
32264 4197
32263 4198
32262 4199
32261 4200
32260 4201
32259 4202
32258 4203
32257 4204
32256 4205
32263 4199
32262 4200
32261 4201
32260 4202
32259 4203
32258 4204
32257 4205
32262 4201
32261 4202
32260 4203
32259 4204
32258 4205
32261 4203
32260 4204
32259 4205
32260 4205
36960 4161
36961 4161
36960 4162
36959 4163
36962 4161
36961 4162
36960 4163
36959 4164
36958 4165
36963 4161
36962 4162
36961 4163
36960 4164
36959 4165
36958 4166
36957 4167
36964 4161
36963 4162
36962 4163
36961 4164
36960 4165
36959 4166
36958 4167
36957 4168
36956 4169
36965 4161
36964 4162
36963 4163
36962 4164
36961 4165
36960 4166
36959 4167
36958 4168
36957 4169
36956 4170
36955 4171
36966 4161
36965 4162
36964 4163
36963 4164
36962 4165
36961 4166
36960 4167
36959 4168
36958 4169
36957 4170
36956 4171
36955 4172
36954 4173
36967 4161
36966 4162
36965 4163
36964 4164
36963 4165
36962 4166
36961 4167
36960 4168
36959 4169
36958 4170
36957 4171
36956 4172
36955 4173
36954 4174
36953 4175
36968 4161
36967 4162
36966 4163
36965 4164
36964 4165
36963 4166
36962 4167
36961 4168
36960 4169
36959 4170
36958 4171
36957 4172
36956 4173
36955 4174
36954 4175
36953 4176
36952 4177
36969 4161
36968 4162
36967 4163
36966 4164
36965 4165
36964 4166
36963 4167
36962 4168
36961 4169
36960 4170
36959 4171
36958 4172
36957 4173
36956 4174
36955 4175
36954 4176
36953 4177
36952 4178
36951 4179
36970 4161
36969 4162
36968 4163
36967 4164
36966 4165
36965 4166
36964 4167
36963 4168
36962 4169
36961 4170
36960 4171
36959 4172
36958 4173
36957 4174
36956 4175
36955 4176
36954 4177
36953 4178
36952 4179
36951 4180
36950 4181
36971 4161
36970 4162
36969 4163
36968 4164
36967 4165
36966 4166
36965 4167
36964 4168
36963 4169
36962 4170
36961 4171
36960 4172
36959 4173
36958 4174
36957 4175
36956 4176
36955 4177
36954 4178
36953 4179
36952 4180
36951 4181
36950 4182
36949 4183
36972 4161
36971 4162
36970 4163
36969 4164
36968 4165
36967 4166
36966 4167
36965 4168
36964 4169
36963 4170
36962 4171
36961 4172
36960 4173
36959 4174
36958 4175
36957 4176
36956 4177
36955 4178
36954 4179
36953 4180
36952 4181
36951 4182
36950 4183
36949 4184
36948 4185
36973 4161
36972 4162
36971 4163
36970 4164
36969 4165
36968 4166
36967 4167
36966 4168
36965 4169
36964 4170
36963 4171
36962 4172
36961 4173
36960 4174
36959 4175
36958 4176
36957 4177
36956 4178
36955 4179
36954 4180
36953 4181
36952 4182
36951 4183
36950 4184
36949 4185
36948 4186
36947 4187
36974 4161
36973 4162
36972 4163
36971 4164
36970 4165
36969 4166
36968 4167
36967 4168
36966 4169
36965 4170
36964 4171
36963 4172
36962 4173
36961 4174
36960 4175
36959 4176
36958 4177
36957 4178
36956 4179
36955 4180
36954 4181
36953 4182
36952 4183
36951 4184
36950 4185
36949 4186
36948 4187
36947 4188
36946 4189
36975 4161
36974 4162
36973 4163
36972 4164
36971 4165
36970 4166
36969 4167
36968 4168
36967 4169
36966 4170
36965 4171
36964 4172
36963 4173
36962 4174
36961 4175
36960 4176
36959 4177
36958 4178
36957 4179
36956 4180
36955 4181
36954 4182
36953 4183
36952 4184
36951 4185
36950 4186
36949 4187
36948 4188
36947 4189
36946 4190
36945 4191
36976 4161
36975 4162
36974 4163
36973 4164
36972 4165
36971 4166
36970 4167
36969 4168
36968 4169
36967 4170
36966 4171
36965 4172
36964 4173
36963 4174
36962 4175
36961 4176
36960 4177
36959 4178
36958 4179
36957 4180
36956 4181
36955 4182
36954 4183
36953 4184
36952 4185
36951 4186
36950 4187
36949 4188
36948 4189
36947 4190
36946 4191
36945 4192
36944 4193
36977 4161
36976 4162
36975 4163
36974 4164
36973 4165
36972 4166
36971 4167
36970 4168
36969 4169
36968 4170
36967 4171
36966 4172
36965 4173
36964 4174
36963 4175
36962 4176
36961 4177
36960 4178
36959 4179
36958 4180
36957 4181
36956 4182
36955 4183
36954 4184
36953 4185
36952 4186
36951 4187
36950 4188
36949 4189
36948 4190
36947 4191
36946 4192
36945 4193
36944 4194
36943 4195
36978 4161
36977 4162
36976 4163
36975 4164
36974 4165
36973 4166
36972 4167
36971 4168
36970 4169
36969 4170
36968 4171
36967 4172
36966 4173
36965 4174
36964 4175
36963 4176
36962 4177
36961 4178
36960 4179
36959 4180
36958 4181
36957 4182
36956 4183
36955 4184
36954 4185
36953 4186
36952 4187
36951 4188
36950 4189
36949 4190
36948 4191
36947 4192
36946 4193
36945 4194
36944 4195
36943 4196
36942 4197
36977 4163
36976 4164
36975 4165
36974 4166
36973 4167
36972 4168
36971 4169
36970 4170
36969 4171
36968 4172
36967 4173
36966 4174
36965 4175
36964 4176
36963 4177
36962 4178
36961 4179
36960 4180
36959 4181
36958 4182
36957 4183
36956 4184
36955 4185
36954 4186
36953 4187
36952 4188
36951 4189
36950 4190
36949 4191
36948 4192
36947 4193
36946 4194
36945 4195
36944 4196
36943 4197
36976 4165
36975 4166
36974 4167
36973 4168
36972 4169
36971 4170
36970 4171
36969 4172
36968 4173
36967 4174
36966 4175
36965 4176
36964 4177
36963 4178
36962 4179
36961 4180
36960 4181
36959 4182
36958 4183
36957 4184
36956 4185
36955 4186
36954 4187
36953 4188
36952 4189
36951 4190
36950 4191
36949 4192
36948 4193
36947 4194
36946 4195
36945 4196
36944 4197
36975 4167
36974 4168
36973 4169
36972 4170
36971 4171
36970 4172
36969 4173
36968 4174
36967 4175
36966 4176
36965 4177
36964 4178
36963 4179
36962 4180
36961 4181
36960 4182
36959 4183
36958 4184
36957 4185
36956 4186
36955 4187
36954 4188
36953 4189
36952 4190
36951 4191
36950 4192
36949 4193
36948 4194
36947 4195
36946 4196
36945 4197
36974 4169
36973 4170
36972 4171
36971 4172
36970 4173
36969 4174
36968 4175
36967 4176
36966 4177
36965 4178
36964 4179
36963 4180
36962 4181
36961 4182
36960 4183
36959 4184
36958 4185
36957 4186
36956 4187
36955 4188
36954 4189
36953 4190
36952 4191
36951 4192
36950 4193
36949 4194
36948 4195
36947 4196
36946 4197
36973 4171
36972 4172
36971 4173
36970 4174
36969 4175
36968 4176
36967 4177
36966 4178
36965 4179
36964 4180
36963 4181
36962 4182
36961 4183
36960 4184
36959 4185
36958 4186
36957 4187
36956 4188
36955 4189
36954 4190
36953 4191
36952 4192
36951 4193
36950 4194
36949 4195
36948 4196
36947 4197
36972 4173
36971 4174
36970 4175
36969 4176
36968 4177
36967 4178
36966 4179
36965 4180
36964 4181
36963 4182
36962 4183
36961 4184
36960 4185
36959 4186
36958 4187
36957 4188
36956 4189
36955 4190
36954 4191
36953 4192
36952 4193
36951 4194
36950 4195
36949 4196
36948 4197
36971 4175
36970 4176
36969 4177
36968 4178
36967 4179
36966 4180
36965 4181
36964 4182
36963 4183
36962 4184
36961 4185
36960 4186
36959 4187
36958 4188
36957 4189
36956 4190
36955 4191
36954 4192
36953 4193
36952 4194
36951 4195
36950 4196
36949 4197
36970 4177
36969 4178
36968 4179
36967 4180
36966 4181
36965 4182
36964 4183
36963 4184
36962 4185
36961 4186
36960 4187
36959 4188
36958 4189
36957 4190
36956 4191
36955 4192
36954 4193
36953 4194
36952 4195
36951 4196
36950 4197
36969 4179
36968 4180
36967 4181
36966 4182
36965 4183
36964 4184
36963 4185
36962 4186
36961 4187
36960 4188
36959 4189
36958 4190
36957 4191
36956 4192
36955 4193
36954 4194
36953 4195
36952 4196
36951 4197
36968 4181
36967 4182
36966 4183
36965 4184
36964 4185
36963 4186
36962 4187
36961 4188
36960 4189
36959 4190
36958 4191
36957 4192
36956 4193
36955 4194
36954 4195
36953 4196
36952 4197
36967 4183
36966 4184
36965 4185
36964 4186
36963 4187
36962 4188
36961 4189
36960 4190
36959 4191
36958 4192
36957 4193
36956 4194
36955 4195
36954 4196
36953 4197
36966 4185
36965 4186
36964 4187
36963 4188
36962 4189
36961 4190
36960 4191
36959 4192
36958 4193
36957 4194
36956 4195
36955 4196
36954 4197
36965 4187
36964 4188
36963 4189
36962 4190
36961 4191
36960 4192
36959 4193
36958 4194
36957 4195
36956 4196
36955 4197
36964 4189
36963 4190
36962 4191
36961 4192
36960 4193
36959 4194
36958 4195
36957 4196
36956 4197
36963 4191
36962 4192
36961 4193
36960 4194
36959 4195
36958 4196
36957 4197
36962 4193
36961 4194
36960 4195
36959 4196
36958 4197
36961 4195
36960 4196
36959 4197
36960 4197
